
[1mRooFit v3.60 -- Developed by Wouter Verkerke and David Kirkby[0m 
                Copyright (C) 2000-2013 NIKHEF, University of California & Stanford University
                All rights reserved, please read http://roofit.sourceforge.net/license.txt


Processing MassFit_FixPar_Data.C(3.5,6.5,1.6,2.4,1)...

[1mRooFit v3.60 -- Developed by Wouter Verkerke and David Kirkby[0m 
                Copyright (C) 2000-2013 NIKHEF, University of California & Stanford University
                All rights reserved, please read http://roofit.sourceforge.net/license.txt

l_cut: 0.0485
RooDataSet::dataset[mass,pt,y,pt1,pt2,eta1,eta2,weight,ctau3DRes,ctau3D,ctau3DErr,recoQQsign] = 8758896 entries
pt: 3.5-6.5, y: 1.6-2.4
####################################
******** New Combined Dataset ***********
RooRealVar::mass = 3.05039  L(2.6 - 3.5) // [GeV/c^{2}]
DataStore datasetW ( a dataset)
  Contains 1814025 entries
  Observables: 
    1)  ctau3DRes = 0.848184  L(-100000 - 100000)  "c_{#tau}"
    2)     ctau3D = 0.0300638  L(-100000 - 100000) // [mm] "c_{#tau}"
    3)  ctau3DErr = 0.035445  L(-100000 - 100000) // [mm] "#sigma_{c#tau}"
    4)       mass = 3.05039  L(1 - 6) // [GeV/c^{2}] "mass variable"
    5)         pt = 4.28663  L(0 - 100) // [GeV/c] "pt variable"
    6)          y = -1.92495  L(-5 - 5)  "rapidity of the dimuon pair"

********* Starting Mass Dist. Fit **************

 **********
 **    1 **SET PRINT           1
 **********
 **********
 **    2 **SET NOGRAD
 **********
 PARAMETER DEFINITIONS:
    NO.   NAME         VALUE      STEP SIZE      LIMITS
     1 N_Bkg        5.00000e+07  1.00000e+07    0.00000e+00  1.00000e+08
 MINUIT WARNING IN PARAM DEF
 ============== LIMITS ON PARAM1 TOO FAR APART.
 PARAMETER DEFINITIONS:
    NO.   NAME         VALUE      STEP SIZE      LIMITS
     2 N_Jpsi       5.00000e+07  1.00000e+07    0.00000e+00  1.00000e+08
 MINUIT WARNING IN PARAM DEF
 ============== LIMITS ON PARAM2 TOO FAR APART.
 PARAMETER DEFINITIONS:
    NO.   NAME         VALUE      STEP SIZE      LIMITS
     3 f            5.56199e-01  1.00000e-01    0.00000e+00  1.00000e+00
     4 m_{J/#Psi}   3.09600e+00  2.00000e-02    2.99600e+00  3.19600e+00
     5 sigma_1_A    3.74120e-02  1.20000e-02    0.00000e+00  1.20000e-01
     6 sl1          0.00000e+00  2.00000e-01   -1.00000e+00  1.00000e+00
 **********
 **    3 **SET ERR         0.5
 **********
 **********
 **    4 **SET PRINT           1
 **********
 **********
 **    5 **SET STR           1
 **********
 NOW USING STRATEGY  1: TRY TO BALANCE SPEED AGAINST RELIABILITY
 **********
 **    6 **MIGRAD        3000           1
 **********
 FIRST CALL TO USER FUNCTION AT NEW START POINT, WITH IFLAG=4.
 START MIGRAD MINIMIZATION.  STRATEGY  1.  CONVERGENCE WHEN EDM .LT. 1.00e-03
 FCN=6.49629e+07 FROM MIGRAD    STATUS=INITIATE       26 CALLS          27 TOTAL
                     EDM= unknown      STRATEGY= 1      NO ERROR MATRIX       
  EXT PARAMETER               CURRENT GUESS       STEP         FIRST   
  NO.   NAME      VALUE            ERROR          SIZE      DERIVATIVE 
   1  N_Bkg        5.00000e+07   1.00000e+07   2.01358e-01   4.94285e+07
   2  N_Jpsi       5.00000e+07   1.00000e+07   2.01358e-01   4.87507e+07
   3  f            5.56199e-01   1.00000e-01   2.02715e-01  -3.51403e+04
   4  m_{J/#Psi}   3.09600e+00   2.00000e-02   2.01358e-01   2.32374e+05
   5  sigma_1_A    3.74120e-02   1.20000e-02   2.18501e-01   2.37469e+05
   6  sl1          0.00000e+00   2.00000e-01   2.01358e-01   2.33976e+01
                               ERR DEF= 0.5
 MIGRAD FAILS TO FIND IMPROVEMENT
 MIGRAD MINIMIZATION HAS CONVERGED.
 FCN=-2.622e+07 FROM MIGRAD    STATUS=CONVERGED     244 CALLS         245 TOTAL
                     EDM=0.000107782    STRATEGY= 1  ERROR MATRIX UNCERTAINTY   3.8 per cent
  EXT PARAMETER                                   STEP         FIRST   
  NO.   NAME      VALUE            ERROR          SIZE      DERIVATIVE 
   1  N_Bkg        2.75345e+05   7.75092e+02   0.00000e+00   2.07022e+01
   2  N_Jpsi       1.53868e+06   1.36810e+03  -0.00000e+00   2.69475e+01
   3  f            5.38847e-01   2.54242e-02   0.00000e+00   3.74248e-01
   4  m_{J/#Psi}   3.09028e+00   4.39213e-05   0.00000e+00  -1.19850e+01
   5  sigma_1_A    3.90354e-02   4.58061e-04   0.00000e+00  -3.02568e+00
   6  sl1         -5.91698e-02   3.51228e-03   0.00000e+00  -3.24935e+00
                               ERR DEF= 0.5
 EXTERNAL ERROR MATRIX.    NDIM=  25    NPAR=  6    ERR DEF=0.5
  6.008e+05 -3.285e+05  7.944e+00 -4.131e-04  1.500e-01 -8.728e-02 
 -3.285e+05  1.872e+06 -7.790e+00  4.772e-04 -1.462e-01  5.486e-02 
  7.944e+00 -7.790e+00  6.470e-04 -2.161e-09  1.162e-05 -8.780e-06 
 -4.131e-04  4.772e-04 -2.161e-09  1.929e-09 -2.098e-10 -1.035e-08 
  1.500e-01 -1.462e-01  1.162e-05 -2.098e-10  2.098e-07 -1.532e-07 
 -8.728e-02  5.486e-02 -8.780e-06 -1.035e-08 -1.532e-07  1.234e-05 
 PARAMETER  CORRELATION COEFFICIENTS  
       NO.  GLOBAL      1      2      3      4      5      6
        1  0.52378   1.000 -0.310  0.403 -0.012  0.423 -0.032
        2  0.33457  -0.310  1.000 -0.224  0.008 -0.233  0.011
        3  0.99739   0.403 -0.224  1.000 -0.002  0.997 -0.098
        4  0.13103  -0.012  0.008 -0.002  1.000 -0.010 -0.067
        5  0.99744   0.423 -0.233  0.997 -0.010  1.000 -0.095
        6  0.12284  -0.032  0.011 -0.098 -0.067 -0.095  1.000
Real time 0:00:06, CP time 0.100
Real time 0:00:06, CP time 0.100
 **********
 **    7 **SET ERR         0.5
 **********
 **********
 **    8 **SET PRINT           1
 **********
 **********
 **    9 **HESSE        3000
 **********
 COVARIANCE MATRIX CALCULATED SUCCESSFULLY
 FCN=-2.622e+07 FROM HESSE     STATUS=OK             50 CALLS         295 TOTAL
                     EDM=0.00122977    STRATEGY= 1      ERROR MATRIX ACCURATE 
  EXT PARAMETER                                INTERNAL      INTERNAL  
  NO.   NAME      VALUE            ERROR       STEP SIZE       VALUE   
   1  N_Bkg        2.75345e+05   7.46044e+02   4.52354e-04  -7.95898e+00
   2  N_Jpsi       1.53868e+06   1.34903e+03   3.69373e-04  -1.81952e+00
   3  f            5.38847e-01   2.06406e-02   1.25040e-02   7.77728e-02
   4  m_{J/#Psi}   3.09028e+00   4.39806e-05   1.54877e-03  -5.72224e-02
   5  sigma_1_A    3.90354e-02   3.74433e-04   1.99469e-03  -3.56942e-01
   6  sl1         -5.91698e-02   3.54122e-03   1.24530e-02  -5.92044e-02
                               ERR DEF= 0.5
 EXTERNAL ERROR MATRIX.    NDIM=  25    NPAR=  6    ERR DEF=0.5
  5.566e+05 -2.814e+05  4.181e+00 -6.172e-04  8.243e-02  4.500e-02 
 -2.814e+05  1.820e+06 -4.170e+00  6.173e-04 -8.223e-02 -4.438e-02 
  4.181e+00 -4.170e+00  4.263e-04  1.326e-08  7.700e-06 -5.468e-06 
 -6.172e-04  6.173e-04  1.326e-08  1.934e-09  1.409e-10 -1.274e-08 
  8.243e-02 -8.223e-02  7.700e-06  1.409e-10  1.402e-07 -9.990e-08 
  4.500e-02 -4.438e-02 -5.468e-06 -1.274e-08 -9.990e-08  1.254e-05 
 PARAMETER  CORRELATION COEFFICIENTS  
       NO.  GLOBAL      1      2      3      4      5      6
        1  0.43882   1.000 -0.280  0.271 -0.019  0.295  0.017
        2  0.30259  -0.280  1.000 -0.150  0.010 -0.163 -0.009
        3  0.99635   0.271 -0.150  1.000  0.015  0.996 -0.075
        4  0.10674  -0.019  0.010  0.015  1.000  0.009 -0.082
        5  0.99641   0.295 -0.163  0.996  0.009  1.000 -0.075
        6  0.11982   0.017 -0.009 -0.075 -0.082 -0.075  1.000
Real time 0:00:00, CP time 0.010
Real time 0:00:07, CP time 0.110, 2 slices

********* Finished Mass Dist. Fit **************


  RooFitResult: minimized FCN value: -2.622e+07, estimated distance to minimum: 0.00122977
                covariance matrix quality: Full, accurate covariance matrix
                Status : MINIMIZE=0 HESSE=0 

    Floating Parameter    FinalValue +/-  Error   
  --------------------  --------------------------
                 N_Bkg    2.7535e+05 +/-  7.46e+02
                N_Jpsi    1.5387e+06 +/-  1.35e+03
                     f    5.3885e-01 +/-  2.06e-02
            m_{J/#Psi}    3.0903e+00 +/-  4.40e-05
             sigma_1_A    3.9035e-02 +/-  3.74e-04
                   sl1   -5.9170e-02 +/-  3.54e-03

 *** NLL : -26219986.2109834
Info in <TCanvas::Print>: pdf file figs/PRMC/Mass_Fixed_pt3.5-6.5_y1.6-2.4_muPt0.0_PRw_Effw0_Accw0_PtW0_TnP0.pdf has been created

Processing MassFit_FixPar_Data.C(6.5,9,1.6,2.4,1)...

[1mRooFit v3.60 -- Developed by Wouter Verkerke and David Kirkby[0m 
                Copyright (C) 2000-2013 NIKHEF, University of California & Stanford University
                All rights reserved, please read http://roofit.sourceforge.net/license.txt

l_cut: 0.0375
RooDataSet::dataset[mass,pt,y,pt1,pt2,eta1,eta2,weight,ctau3DRes,ctau3D,ctau3DErr,recoQQsign] = 8758896 entries
pt: 6.5-9, y: 1.6-2.4
####################################
******** New Combined Dataset ***********
RooRealVar::mass = 3.05039  L(2.6 - 3.5) // [GeV/c^{2}]
DataStore datasetW ( a dataset)
  Contains 668393 entries
  Observables: 
    1)  ctau3DRes = -0.371128  L(-100000 - 100000)  "c_{#tau}"
    2)     ctau3D = -0.0109586  L(-100000 - 100000) // [mm] "c_{#tau}"
    3)  ctau3DErr = 0.0295277  L(-100000 - 100000) // [mm] "#sigma_{c#tau}"
    4)       mass = 2.77294  L(1 - 6) // [GeV/c^{2}] "mass variable"
    5)         pt = 6.59486  L(0 - 100) // [GeV/c] "pt variable"
    6)          y = -1.73612  L(-5 - 5)  "rapidity of the dimuon pair"

********* Starting Mass Dist. Fit **************

 **********
 **    1 **SET PRINT           1
 **********
 **********
 **    2 **SET NOGRAD
 **********
 PARAMETER DEFINITIONS:
    NO.   NAME         VALUE      STEP SIZE      LIMITS
     1 N_Bkg        5.00000e+07  1.00000e+07    0.00000e+00  1.00000e+08
 MINUIT WARNING IN PARAM DEF
 ============== LIMITS ON PARAM1 TOO FAR APART.
 PARAMETER DEFINITIONS:
    NO.   NAME         VALUE      STEP SIZE      LIMITS
     2 N_Jpsi       5.00000e+07  1.00000e+07    0.00000e+00  1.00000e+08
 MINUIT WARNING IN PARAM DEF
 ============== LIMITS ON PARAM2 TOO FAR APART.
 PARAMETER DEFINITIONS:
    NO.   NAME         VALUE      STEP SIZE      LIMITS
     3 f            6.45673e-01  1.00000e-01    0.00000e+00  1.00000e+00
     4 m_{J/#Psi}   3.09600e+00  2.00000e-02    2.99600e+00  3.19600e+00
     5 sigma_1_A    3.83640e-02  1.20000e-02    0.00000e+00  1.20000e-01
     6 sl1          0.00000e+00  2.00000e-01   -1.00000e+00  1.00000e+00
 **********
 **    3 **SET ERR         0.5
 **********
 **********
 **    4 **SET PRINT           1
 **********
 **********
 **    5 **SET STR           1
 **********
 NOW USING STRATEGY  1: TRY TO BALANCE SPEED AGAINST RELIABILITY
 **********
 **    6 **MIGRAD        3000           1
 **********
 FIRST CALL TO USER FUNCTION AT NEW START POINT, WITH IFLAG=4.
 START MIGRAD MINIMIZATION.  STRATEGY  1.  CONVERGENCE WHEN EDM .LT. 1.00e-03
 FCN=8.7032e+07 FROM MIGRAD    STATUS=INITIATE       26 CALLS          27 TOTAL
                     EDM= unknown      STRATEGY= 1      NO ERROR MATRIX       
  EXT PARAMETER               CURRENT GUESS       STEP         FIRST   
  NO.   NAME      VALUE            ERROR          SIZE      DERIVATIVE 
   1  N_Bkg        5.00000e+07   1.00000e+07   2.01358e-01   4.98106e+07
   2  N_Jpsi       5.00000e+07   1.00000e+07   2.01358e-01   4.95139e+07
   3  f            6.45673e-01   1.00000e-01   2.11080e-01  -1.85803e+04
   4  m_{J/#Psi}   3.09600e+00   2.00000e-02   2.01358e-01   9.92616e+04
   5  sigma_1_A    3.83640e-02   1.20000e-02   2.16906e-01   1.09743e+05
   6  sl1          0.00000e+00   2.00000e-01   2.01358e-01   4.45167e+02
                               ERR DEF= 0.5
 MIGRAD MINIMIZATION HAS CONVERGED.
 MIGRAD WILL VERIFY CONVERGENCE AND ERROR MATRIX.
 COVARIANCE MATRIX CALCULATED SUCCESSFULLY
 FCN=-9.09803e+06 FROM MIGRAD    STATUS=CONVERGED     304 CALLS         305 TOTAL
                     EDM=0.000760879    STRATEGY= 1      ERROR MATRIX ACCURATE 
  EXT PARAMETER                                   STEP         FIRST   
  NO.   NAME      VALUE            ERROR          SIZE      DERIVATIVE 
   1  N_Bkg        6.20679e+04   3.57107e+02   2.79784e-04   3.72769e+01
   2  N_Jpsi       6.06324e+05   8.19652e+02   2.13854e-04   5.55594e+00
   3  f            6.16821e-01   2.38881e-02   1.06110e-02  -4.31878e-01
   4  m_{J/#Psi}   3.09010e+00   6.71139e-05   1.39332e-03   1.28681e+00
   5  sigma_1_A    3.92383e-02   4.74427e-04   1.81239e-03   5.61360e+00
   6  sl1         -1.54831e-01   7.53470e-03   1.57766e-02  -1.90599e-02
                               ERR DEF= 0.5
 EXTERNAL ERROR MATRIX.    NDIM=  25    NPAR=  6    ERR DEF=0.5
  1.275e+05 -6.552e+04  9.112e-01 -6.302e-04  2.281e-02  1.863e-01 
 -6.552e+04  6.718e+05 -9.063e-01  6.299e-04 -2.272e-02 -1.853e-01 
  9.112e-01 -9.063e-01  5.711e-04 -1.723e-08  1.127e-05 -7.723e-06 
 -6.302e-04  6.299e-04 -1.723e-08  4.504e-09 -5.707e-10 -3.641e-08 
  2.281e-02 -2.272e-02  1.127e-05 -5.707e-10  2.251e-07 -1.547e-07 
  1.863e-01 -1.853e-01 -7.723e-06 -3.641e-08 -1.547e-07  5.677e-05 
 PARAMETER  CORRELATION COEFFICIENTS  
       NO.  GLOBAL      1      2      3      4      5      6
        1  0.34980   1.000 -0.224  0.107 -0.026  0.135  0.069
        2  0.23321  -0.224  1.000 -0.046  0.011 -0.058 -0.030
        3  0.99462   0.107 -0.046  1.000 -0.011  0.994 -0.043
        4  0.09983  -0.026  0.011 -0.011  1.000 -0.018 -0.072
        5  0.99466   0.135 -0.058  0.994 -0.018  1.000 -0.043
        6  0.11665   0.069 -0.030 -0.043 -0.072 -0.043  1.000
Real time 0:00:02, CP time 0.100
Real time 0:00:02, CP time 0.100
 **********
 **    7 **SET ERR         0.5
 **********
 **********
 **    8 **SET PRINT           1
 **********
 **********
 **    9 **HESSE        3000
 **********
 COVARIANCE MATRIX CALCULATED SUCCESSFULLY
 FCN=-9.09803e+06 FROM HESSE     STATUS=OK             40 CALLS         345 TOTAL
                     EDM=0.00103798    STRATEGY= 1      ERROR MATRIX ACCURATE 
  EXT PARAMETER                                INTERNAL      INTERNAL  
  NO.   NAME      VALUE            ERROR       STEP SIZE       VALUE   
   1  N_Bkg        6.20679e+04   3.59020e+02   1.26221e-04  -5.29408e+02
   2  N_Jpsi       6.06324e+05   8.20449e+02   8.55414e-06  -1.33674e+02
   3  f            6.16821e-01   2.79866e-02   4.24438e-04   2.35823e-01
   4  m_{J/#Psi}   3.09010e+00   6.71327e-05   2.78665e-04  -5.89904e-02
   5  sigma_1_A    3.92383e-02   5.56224e-04   7.24955e-05  -3.53334e-01
   6  sl1         -1.54831e-01   7.53797e-03   6.31064e-04  -1.55456e-01
                               ERR DEF= 0.5
 EXTERNAL ERROR MATRIX.    NDIM=  25    NPAR=  6    ERR DEF=0.5
  1.289e+05 -6.682e+04  1.492e+00 -6.805e-04  3.436e-02  1.711e-01 
 -6.682e+04  6.731e+05 -1.489e+00  6.801e-04 -3.429e-02 -1.707e-01 
  1.492e+00 -1.489e+00  7.841e-04 -3.941e-08  1.551e-05 -1.157e-05 
 -6.805e-04  6.801e-04 -3.941e-08  4.507e-09 -1.016e-09 -3.599e-08 
  3.436e-02 -3.429e-02  1.551e-05 -1.016e-09  3.094e-07 -2.315e-07 
  1.711e-01 -1.707e-01 -1.157e-05 -3.599e-08 -2.315e-07  5.682e-05 
 PARAMETER  CORRELATION COEFFICIENTS  
       NO.  GLOBAL      1      2      3      4      5      6
        1  0.36289   1.000 -0.227  0.148 -0.028  0.172  0.063
        2  0.23711  -0.227  1.000 -0.065  0.012 -0.075 -0.028
        3  0.99608   0.148 -0.065  1.000 -0.021  0.996 -0.055
        4  0.10255  -0.028  0.012 -0.021  1.000 -0.027 -0.071
        5  0.99612   0.172 -0.075  0.996 -0.027  1.000 -0.055
        6  0.12033   0.063 -0.028 -0.055 -0.071 -0.055  1.000
Real time 0:00:00, CP time 0.010
Real time 0:00:02, CP time 0.110, 2 slices

********* Finished Mass Dist. Fit **************


  RooFitResult: minimized FCN value: -9.09803e+06, estimated distance to minimum: 0.00103798
                covariance matrix quality: Full, accurate covariance matrix
                Status : MINIMIZE=0 HESSE=0 

    Floating Parameter    FinalValue +/-  Error   
  --------------------  --------------------------
                 N_Bkg    6.2068e+04 +/-  3.59e+02
                N_Jpsi    6.0632e+05 +/-  8.20e+02
                     f    6.1682e-01 +/-  2.80e-02
            m_{J/#Psi}    3.0901e+00 +/-  6.71e-05
             sigma_1_A    3.9238e-02 +/-  5.56e-04
                   sl1   -1.5483e-01 +/-  7.54e-03

 *** NLL : -9098025.6611595
Info in <TCanvas::Print>: pdf file figs/PRMC/Mass_Fixed_pt6.5-9.0_y1.6-2.4_muPt0.0_PRw_Effw0_Accw0_PtW0_TnP0.pdf has been created

Processing MassFit_FixPar_Data.C(9,12,1.6,2.4,1)...

[1mRooFit v3.60 -- Developed by Wouter Verkerke and David Kirkby[0m 
                Copyright (C) 2000-2013 NIKHEF, University of California & Stanford University
                All rights reserved, please read http://roofit.sourceforge.net/license.txt

l_cut: 0.0325
RooDataSet::dataset[mass,pt,y,pt1,pt2,eta1,eta2,weight,ctau3DRes,ctau3D,ctau3DErr,recoQQsign] = 8758896 entries
pt: 9-12, y: 1.6-2.4
####################################
******** New Combined Dataset ***********
RooRealVar::mass = 3.05039  L(2.6 - 3.5) // [GeV/c^{2}]
DataStore datasetW ( a dataset)
  Contains 248705 entries
  Observables: 
    1)  ctau3DRes = -0.0894246  L(-100000 - 100000)  "c_{#tau}"
    2)     ctau3D = -0.00232405  L(-100000 - 100000) // [mm] "c_{#tau}"
    3)  ctau3DErr = 0.025989  L(-100000 - 100000) // [mm] "#sigma_{c#tau}"
    4)       mass = 3.0682  L(1 - 6) // [GeV/c^{2}] "mass variable"
    5)         pt = 9.19073  L(0 - 100) // [GeV/c] "pt variable"
    6)          y = 1.68769  L(-5 - 5)  "rapidity of the dimuon pair"

********* Starting Mass Dist. Fit **************

 **********
 **    1 **SET PRINT           1
 **********
 **********
 **    2 **SET NOGRAD
 **********
 PARAMETER DEFINITIONS:
    NO.   NAME         VALUE      STEP SIZE      LIMITS
     1 N_Bkg        5.00000e+07  1.00000e+07    0.00000e+00  1.00000e+08
 MINUIT WARNING IN PARAM DEF
 ============== LIMITS ON PARAM1 TOO FAR APART.
 PARAMETER DEFINITIONS:
    NO.   NAME         VALUE      STEP SIZE      LIMITS
     2 N_Jpsi       5.00000e+07  1.00000e+07    0.00000e+00  1.00000e+08
 MINUIT WARNING IN PARAM DEF
 ============== LIMITS ON PARAM2 TOO FAR APART.
 PARAMETER DEFINITIONS:
    NO.   NAME         VALUE      STEP SIZE      LIMITS
     3 f            7.83104e-01  1.00000e-01    0.00000e+00  1.00000e+00
     4 m_{J/#Psi}   3.09600e+00  2.00000e-02    2.99600e+00  3.19600e+00
     5 sigma_1_A    3.98782e-02  1.20000e-02    0.00000e+00  1.20000e-01
     6 sl1          0.00000e+00  2.00000e-01   -1.00000e+00  1.00000e+00
 **********
 **    3 **SET ERR         0.5
 **********
 **********
 **    4 **SET PRINT           1
 **********
 **********
 **    5 **SET STR           1
 **********
 NOW USING STRATEGY  1: TRY TO BALANCE SPEED AGAINST RELIABILITY
 **********
 **    6 **MIGRAD        3000           1
 **********
 FIRST CALL TO USER FUNCTION AT NEW START POINT, WITH IFLAG=4.
 START MIGRAD MINIMIZATION.  STRATEGY  1.  CONVERGENCE WHEN EDM .LT. 1.00e-03
 FCN=9.51689e+07 FROM MIGRAD    STATUS=INITIATE       26 CALLS          27 TOTAL
                     EDM= unknown      STRATEGY= 1      NO ERROR MATRIX       
  EXT PARAMETER               CURRENT GUESS       STEP         FIRST   
  NO.   NAME      VALUE            ERROR          SIZE      DERIVATIVE 
   1  N_Bkg        5.00000e+07   1.00000e+07   2.01358e-01   4.99215e+07
   2  N_Jpsi       5.00000e+07   1.00000e+07   2.01358e-01   4.98151e+07
   3  f            7.83104e-01   1.00000e-01   2.48994e-01  -8.34583e+03
   4  m_{J/#Psi}   3.09600e+00   2.00000e-02   2.01358e-01   3.70930e+04
   5  sigma_1_A    3.98782e-02   1.20000e-02   2.14579e-01   3.87712e+04
   6  sl1          0.00000e+00   2.00000e-01   2.01358e-01  -3.25663e+02
                               ERR DEF= 0.5
 MIGRAD MINIMIZATION HAS CONVERGED.
 MIGRAD WILL VERIFY CONVERGENCE AND ERROR MATRIX.
 COVARIANCE MATRIX CALCULATED SUCCESSFULLY
 FCN=-3.14955e+06 FROM MIGRAD    STATUS=CONVERGED     282 CALLS         283 TOTAL
                     EDM=0.000249524    STRATEGY= 1      ERROR MATRIX ACCURATE 
  EXT PARAMETER                                   STEP         FIRST   
  NO.   NAME      VALUE            ERROR          SIZE      DERIVATIVE 
   1  N_Bkg        1.94719e+04   2.05877e+02   1.48678e-03   8.58254e+01
   2  N_Jpsi       2.29233e+05   5.02255e+02   3.36353e-04   3.55158e+01
   3  f            7.77556e-01   1.08497e-02   9.17174e-03   1.76777e-01
   4  m_{J/#Psi}   3.09032e+00   1.08036e-04   1.32058e-03   5.14457e-01
   5  sigma_1_A    4.16479e-02   2.88919e-04   1.79921e-03   1.98924e+00
   6  sl1         -1.54018e-01   1.35882e-02   1.67551e-02   3.69107e-01
                               ERR DEF= 0.5
 EXTERNAL ERROR MATRIX.    NDIM=  25    NPAR=  6    ERR DEF=0.5
  4.239e+04  2.299e+04 -3.822e-01  4.936e-04  5.187e-03 -1.779e-01 
  2.299e+04  2.523e+05 -3.846e-01  5.000e-04  5.209e-03 -1.877e-01 
 -3.822e-01 -3.846e-01  1.177e-04 -2.165e-09 -2.989e-06 -4.343e-06 
  4.936e-04  5.000e-04 -2.165e-09  1.167e-08 -4.967e-10 -1.025e-07 
  5.187e-03  5.209e-03 -2.989e-06 -4.967e-10  8.347e-08  9.534e-08 
 -1.779e-01 -1.877e-01 -4.343e-06 -1.025e-07  9.534e-08  1.847e-04 
 PARAMETER  CORRELATION COEFFICIENTS  
       NO.  GLOBAL      1      2      3      4      5      6
        1  0.36270   1.000  0.222 -0.171  0.022  0.087 -0.064
        2  0.23114   0.222  1.000 -0.071  0.009  0.036 -0.027
        3  0.95797  -0.171 -0.071  1.000 -0.002 -0.954 -0.029
        4  0.09185   0.022  0.009 -0.002  1.000 -0.016 -0.070
        5  0.95695   0.087  0.036 -0.954 -0.016  1.000  0.024
        6  0.10912  -0.064 -0.027 -0.029 -0.070  0.024  1.000
Real time 0:00:00, CP time 0.080
Real time 0:00:00, CP time 0.080
 **********
 **    7 **SET ERR         0.5
 **********
 **********
 **    8 **SET PRINT           1
 **********
 **********
 **    9 **HESSE        3000
 **********
 COVARIANCE MATRIX CALCULATED SUCCESSFULLY
 FCN=-3.14955e+06 FROM HESSE     STATUS=OK             44 CALLS         327 TOTAL
                     EDM=0.000257231    STRATEGY= 1      ERROR MATRIX ACCURATE 
  EXT PARAMETER                                INTERNAL      INTERNAL  
  NO.   NAME      VALUE            ERROR       STEP SIZE       VALUE   
   1  N_Bkg        1.94719e+04   2.06275e+02   1.48678e-04  -3.11800e+03
   2  N_Jpsi       2.29233e+05   5.02314e+02   3.36353e-05  -7.05383e+02
   3  f            7.77556e-01   1.10388e-02   3.66869e-04   2.55310e+00
   4  m_{J/#Psi}   3.09032e+00   1.08046e-04   2.64117e-04  -5.68803e-02
   5  sigma_1_A    4.16479e-02   2.93841e-04   7.19685e-05  -3.10851e-01
   6  sl1         -1.54018e-01   1.35934e-02   6.70205e-04  -1.54634e-01
                               ERR DEF= 0.5
 EXTERNAL ERROR MATRIX.    NDIM=  25    NPAR=  6    ERR DEF=0.5
  4.255e+04  2.308e+04 -3.985e-01  5.027e-04  5.543e-03 -1.914e-01 
  2.308e+04  2.523e+05 -3.987e-01  5.033e-04  5.545e-03 -1.924e-01 
 -3.985e-01 -3.987e-01  1.219e-04 -6.575e-10 -3.098e-06 -4.511e-06 
  5.027e-04  5.033e-04 -6.575e-10  1.167e-08 -5.535e-10 -1.026e-07 
  5.543e-03  5.545e-03 -3.098e-06 -5.535e-10  8.634e-08  1.010e-07 
 -1.914e-01 -1.924e-01 -4.511e-06 -1.026e-07  1.010e-07  1.848e-04 
 PARAMETER  CORRELATION COEFFICIENTS  
       NO.  GLOBAL      1      2      3      4      5      6
        1  0.36732   1.000  0.223 -0.175  0.023  0.091 -0.068
        2  0.23160   0.223  1.000 -0.072  0.009  0.038 -0.028
        3  0.95943  -0.175 -0.072  1.000 -0.001 -0.955 -0.030
        4  0.09305   0.023  0.009 -0.001  1.000 -0.017 -0.070
        5  0.95842   0.091  0.038 -0.955 -0.017  1.000  0.025
        6  0.11262  -0.068 -0.028 -0.030 -0.070  0.025  1.000
Real time 0:00:00, CP time 0.010
Real time 0:00:01, CP time 0.090, 2 slices

********* Finished Mass Dist. Fit **************


  RooFitResult: minimized FCN value: -3.14955e+06, estimated distance to minimum: 0.000257231
                covariance matrix quality: Full, accurate covariance matrix
                Status : MINIMIZE=0 HESSE=0 

    Floating Parameter    FinalValue +/-  Error   
  --------------------  --------------------------
                 N_Bkg    1.9472e+04 +/-  2.06e+02
                N_Jpsi    2.2923e+05 +/-  5.02e+02
                     f    7.7756e-01 +/-  1.10e-02
            m_{J/#Psi}    3.0903e+00 +/-  1.08e-04
             sigma_1_A    4.1648e-02 +/-  2.94e-04
                   sl1   -1.5402e-01 +/-  1.36e-02

 *** NLL : -3149546.28532028
Info in <TCanvas::Print>: pdf file figs/PRMC/Mass_Fixed_pt9.0-12.0_y1.6-2.4_muPt0.0_PRw_Effw0_Accw0_PtW0_TnP0.pdf has been created

Processing MassFit_FixPar_Data.C(12,40,1.6,2.4,1)...

[1mRooFit v3.60 -- Developed by Wouter Verkerke and David Kirkby[0m 
                Copyright (C) 2000-2013 NIKHEF, University of California & Stanford University
                All rights reserved, please read http://roofit.sourceforge.net/license.txt

l_cut: 0.0245
RooDataSet::dataset[mass,pt,y,pt1,pt2,eta1,eta2,weight,ctau3DRes,ctau3D,ctau3DErr,recoQQsign] = 8758896 entries
pt: 12-40, y: 1.6-2.4
####################################
******** New Combined Dataset ***********
RooRealVar::mass = 3.05039  L(2.6 - 3.5) // [GeV/c^{2}]
DataStore datasetW ( a dataset)
  Contains 111262 entries
  Observables: 
    1)  ctau3DRes = -0.858597  L(-100000 - 100000)  "c_{#tau}"
    2)     ctau3D = -0.010388  L(-100000 - 100000) // [mm] "c_{#tau}"
    3)  ctau3DErr = 0.0120988  L(-100000 - 100000) // [mm] "#sigma_{c#tau}"
    4)       mass = 3.16026  L(1 - 6) // [GeV/c^{2}] "mass variable"
    5)         pt = 35.1193  L(0 - 100) // [GeV/c] "pt variable"
    6)          y = 1.70505  L(-5 - 5)  "rapidity of the dimuon pair"

********* Starting Mass Dist. Fit **************

 **********
 **    1 **SET PRINT           1
 **********
 **********
 **    2 **SET NOGRAD
 **********
 PARAMETER DEFINITIONS:
    NO.   NAME         VALUE      STEP SIZE      LIMITS
     1 N_Bkg        5.00000e+07  1.00000e+07    0.00000e+00  1.00000e+08
 MINUIT WARNING IN PARAM DEF
 ============== LIMITS ON PARAM1 TOO FAR APART.
 PARAMETER DEFINITIONS:
    NO.   NAME         VALUE      STEP SIZE      LIMITS
     2 N_Jpsi       5.00000e+07  1.00000e+07    0.00000e+00  1.00000e+08
 MINUIT WARNING IN PARAM DEF
 ============== LIMITS ON PARAM2 TOO FAR APART.
 PARAMETER DEFINITIONS:
    NO.   NAME         VALUE      STEP SIZE      LIMITS
     3 f            4.85699e-01  1.00000e-01    0.00000e+00  1.00000e+00
     4 m_{J/#Psi}   3.09600e+00  2.00000e-02    2.99600e+00  3.19600e+00
     5 sigma_1_A    3.56489e-02  1.20000e-02    0.00000e+00  1.20000e-01
     6 sl1          0.00000e+00  2.00000e-01   -1.00000e+00  1.00000e+00
 **********
 **    3 **SET ERR         0.5
 **********
 **********
 **    4 **SET PRINT           1
 **********
 **********
 **    5 **SET STR           1
 **********
 NOW USING STRATEGY  1: TRY TO BALANCE SPEED AGAINST RELIABILITY
 **********
 **    6 **MIGRAD        3000           1
 **********
 FIRST CALL TO USER FUNCTION AT NEW START POINT, WITH IFLAG=4.
 START MIGRAD MINIMIZATION.  STRATEGY  1.  CONVERGENCE WHEN EDM .LT. 1.00e-03
 FCN=9.78419e+07 FROM MIGRAD    STATUS=INITIATE       24 CALLS          25 TOTAL
                     EDM= unknown      STRATEGY= 1      NO ERROR MATRIX       
  EXT PARAMETER               CURRENT GUESS       STEP         FIRST   
  NO.   NAME      VALUE            ERROR          SIZE      DERIVATIVE 
   1  N_Bkg        5.00000e+07   1.00000e+07   2.01358e-01   4.99447e+07
   2  N_Jpsi       5.00000e+07   1.00000e+07   2.01358e-01   4.99139e+07
   3  f            4.85699e-01   1.00000e-01   2.01445e-01  -3.04005e+03
   4  m_{J/#Psi}   3.09600e+00   2.00000e-02   2.01358e-01   1.81616e+04
   5  sigma_1_A    3.56489e-02   1.20000e-02   2.21751e-01   2.02343e+04
   6  sl1          0.00000e+00   2.00000e-01   2.01358e-01   2.72428e+01
                               ERR DEF= 0.5
 MIGRAD MINIMIZATION HAS CONVERGED.
 MIGRAD WILL VERIFY CONVERGENCE AND ERROR MATRIX.
 COVARIANCE MATRIX CALCULATED SUCCESSFULLY
 FCN=-1.31396e+06 FROM MIGRAD    STATUS=CONVERGED     412 CALLS         413 TOTAL
                     EDM=0.00022009    STRATEGY= 1      ERROR MATRIX ACCURATE 
  EXT PARAMETER                                   STEP         FIRST   
  NO.   NAME      VALUE            ERROR          SIZE      DERIVATIVE 
   1  N_Bkg        1.10344e+04   1.47861e+02   4.59136e-04   3.14102e+01
   2  N_Jpsi       1.00232e+05   3.33447e+02   7.91738e-04  -1.33125e+02
   3  f            6.07716e-01   3.27712e-02   9.51389e-03  -7.03939e-02
   4  m_{J/#Psi}   3.08953e+00   1.64775e-04   1.30148e-03   4.10014e-01
   5  sigma_1_A    3.88739e-02   6.71562e-04   1.68462e-03   2.03790e-02
   6  sl1         -1.54348e-01   1.77671e-02   1.41635e-02   1.26503e-01
                               ERR DEF= 0.5
 EXTERNAL ERROR MATRIX.    NDIM=  25    NPAR=  6    ERR DEF=0.5
  2.186e+04  1.095e+04  3.922e-01  3.689e-04 -1.282e-02 -1.060e-01 
  1.095e+04  1.112e+05  3.997e-01  3.736e-04 -1.304e-02 -1.087e-01 
  3.922e-01  3.997e-01  1.076e-03 -1.345e-07 -2.164e-05  2.221e-05 
  3.689e-04  3.736e-04 -1.345e-07  2.715e-08  1.720e-09 -2.161e-07 
 -1.282e-02 -1.304e-02 -2.164e-05  1.720e-09  4.510e-07 -4.895e-07 
 -1.060e-01 -1.087e-01  2.221e-05 -2.161e-07 -4.895e-07  3.157e-04 
 PARAMETER  CORRELATION COEFFICIENTS  
       NO.  GLOBAL      1      2      3      4      5      6
        1  0.34018   1.000  0.222  0.081  0.015 -0.129 -0.040
        2  0.23200   0.222  1.000  0.037  0.007 -0.058 -0.018
        3  0.98386   0.081  0.037  1.000 -0.025 -0.983  0.038
        4  0.09157   0.015  0.007 -0.025  1.000  0.016 -0.074
        5  0.98404  -0.129 -0.058 -0.983  0.016  1.000 -0.041
        6  0.09983  -0.040 -0.018  0.038 -0.074 -0.041  1.000
Real time 0:00:00, CP time 0.100
Real time 0:00:00, CP time 0.100
 **********
 **    7 **SET ERR         0.5
 **********
 **********
 **    8 **SET PRINT           1
 **********
 **********
 **    9 **HESSE        3000
 **********
 COVARIANCE MATRIX CALCULATED SUCCESSFULLY
 FCN=-1.31396e+06 FROM HESSE     STATUS=OK             44 CALLS         457 TOTAL
                     EDM=0.000224563    STRATEGY= 1      ERROR MATRIX ACCURATE 
  EXT PARAMETER                                INTERNAL      INTERNAL  
  NO.   NAME      VALUE            ERROR       STEP SIZE       VALUE   
   1  N_Bkg        1.10344e+04   1.48045e+02   4.59136e-05  -9.62877e+02
   2  N_Jpsi       1.00232e+05   3.33361e+02   7.91738e-05  -1.66040e+03
   3  f            6.07716e-01   3.54416e-02   3.80556e-04  -3.35873e+00
   4  m_{J/#Psi}   3.08953e+00   1.64793e-04   2.60297e-04  -6.47694e-02
   5  sigma_1_A    3.88739e-02   7.26501e-04   6.73847e-05  -3.59816e-01
   6  sl1         -1.54348e-01   1.77701e-02   5.66540e-04  -1.54968e-01
                               ERR DEF= 0.5
 EXTERNAL ERROR MATRIX.    NDIM=  25    NPAR=  6    ERR DEF=0.5
  2.192e+04  1.089e+04  4.860e-01  3.686e-04 -1.478e-02 -1.074e-01 
  1.089e+04  1.111e+05  4.870e-01  3.691e-04 -1.480e-02 -1.077e-01 
  4.860e-01  4.870e-01  1.258e-03 -1.477e-07 -2.539e-05  2.575e-05 
  3.686e-04  3.691e-04 -1.477e-07  2.716e-08  1.959e-09 -2.162e-07 
 -1.478e-02 -1.480e-02 -2.539e-05  1.959e-09  5.278e-07 -5.621e-07 
 -1.074e-01 -1.077e-01  2.575e-05 -2.162e-07 -5.621e-07  3.158e-04 
 PARAMETER  CORRELATION COEFFICIENTS  
       NO.  GLOBAL      1      2      3      4      5      6
        1  0.34338   1.000  0.221  0.093  0.015 -0.137 -0.041
        2  0.23088   0.221  1.000  0.041  0.007 -0.061 -0.018
        3  0.98622   0.093  0.041  1.000 -0.025 -0.985  0.041
        4  0.09256   0.015  0.007 -0.025  1.000  0.016 -0.074
        5  0.98638  -0.137 -0.061 -0.985  0.016  1.000 -0.044
        6  0.10156  -0.041 -0.018  0.041 -0.074 -0.044  1.000
Real time 0:00:00, CP time 0.020
Real time 0:00:00, CP time 0.120, 2 slices

********* Finished Mass Dist. Fit **************


  RooFitResult: minimized FCN value: -1.31396e+06, estimated distance to minimum: 0.000224563
                covariance matrix quality: Full, accurate covariance matrix
                Status : MINIMIZE=0 HESSE=0 

    Floating Parameter    FinalValue +/-  Error   
  --------------------  --------------------------
                 N_Bkg    1.1034e+04 +/-  1.48e+02
                N_Jpsi    1.0023e+05 +/-  3.33e+02
                     f    6.0772e-01 +/-  3.54e-02
            m_{J/#Psi}    3.0895e+00 +/-  1.65e-04
             sigma_1_A    3.8874e-02 +/-  7.27e-04
                   sl1   -1.5435e-01 +/-  1.78e-02

 *** NLL : -1313958.34501106
Info in <TCanvas::Print>: pdf file figs/PRMC/Mass_Fixed_pt12.0-40.0_y1.6-2.4_muPt0.0_PRw_Effw0_Accw0_PtW0_TnP0.pdf has been created

Processing MassFit_FixPar_Data.C(3.5,40,1.6,2.4,1)...

[1mRooFit v3.60 -- Developed by Wouter Verkerke and David Kirkby[0m 
                Copyright (C) 2000-2013 NIKHEF, University of California & Stanford University
                All rights reserved, please read http://roofit.sourceforge.net/license.txt

l_cut: 0.0365
RooDataSet::dataset[mass,pt,y,pt1,pt2,eta1,eta2,weight,ctau3DRes,ctau3D,ctau3DErr,recoQQsign] = 8758896 entries
pt: 3.5-40, y: 1.6-2.4
####################################
******** New Combined Dataset ***********
RooRealVar::mass = 3.05039  L(2.6 - 3.5) // [GeV/c^{2}]
DataStore datasetW ( a dataset)
  Contains 2719464 entries
  Observables: 
    1)  ctau3DRes = 0.848184  L(-100000 - 100000)  "c_{#tau}"
    2)     ctau3D = 0.0300638  L(-100000 - 100000) // [mm] "c_{#tau}"
    3)  ctau3DErr = 0.035445  L(-100000 - 100000) // [mm] "#sigma_{c#tau}"
    4)       mass = 3.05039  L(1 - 6) // [GeV/c^{2}] "mass variable"
    5)         pt = 4.28663  L(0 - 100) // [GeV/c] "pt variable"
    6)          y = -1.92495  L(-5 - 5)  "rapidity of the dimuon pair"

********* Starting Mass Dist. Fit **************

 **********
 **    1 **SET PRINT           1
 **********
 **********
 **    2 **SET NOGRAD
 **********
 PARAMETER DEFINITIONS:
    NO.   NAME         VALUE      STEP SIZE      LIMITS
     1 N_Bkg        5.00000e+07  1.00000e+07    0.00000e+00  1.00000e+08
 MINUIT WARNING IN PARAM DEF
 ============== LIMITS ON PARAM1 TOO FAR APART.
 PARAMETER DEFINITIONS:
    NO.   NAME         VALUE      STEP SIZE      LIMITS
     2 N_Jpsi       5.00000e+07  1.00000e+07    0.00000e+00  1.00000e+08
 MINUIT WARNING IN PARAM DEF
 ============== LIMITS ON PARAM2 TOO FAR APART.
 PARAMETER DEFINITIONS:
    NO.   NAME         VALUE      STEP SIZE      LIMITS
     3 f            5.74238e-01  1.00000e-01    0.00000e+00  1.00000e+00
     4 m_{J/#Psi}   3.09600e+00  2.00000e-02    2.99600e+00  3.19600e+00
     5 sigma_1_A    3.74867e-02  1.20000e-02    0.00000e+00  1.20000e-01
     6 sl1          0.00000e+00  2.00000e-01   -1.00000e+00  1.00000e+00
 **********
 **    3 **SET ERR         0.5
 **********
 **********
 **    4 **SET PRINT           1
 **********
 **********
 **    5 **SET STR           1
 **********
 NOW USING STRATEGY  1: TRY TO BALANCE SPEED AGAINST RELIABILITY
 **********
 **    6 **MIGRAD        3000           1
 **********
 FIRST CALL TO USER FUNCTION AT NEW START POINT, WITH IFLAG=4.
 START MIGRAD MINIMIZATION.  STRATEGY  1.  CONVERGENCE WHEN EDM .LT. 1.00e-03
 FCN=4.73777e+07 FROM MIGRAD    STATUS=INITIATE       28 CALLS          29 TOTAL
                     EDM= unknown      STRATEGY= 1      NO ERROR MATRIX       
  EXT PARAMETER               CURRENT GUESS       STEP         FIRST   
  NO.   NAME      VALUE            ERROR          SIZE      DERIVATIVE 
   1  N_Bkg        5.00000e+07   1.00000e+07   2.01358e-01   4.91840e+07
   2  N_Jpsi       5.00000e+07   1.00000e+07   2.01358e-01   4.80897e+07
   3  f            5.74238e-01   1.00000e-01   2.03746e-01  -6.05914e+04
   4  m_{J/#Psi}   3.09600e+00   2.00000e-02   2.01358e-01   3.89034e+05
   5  sigma_1_A    3.74867e-02   1.20000e-02   2.18372e-01   3.95437e+05
   6  sl1          0.00000e+00   2.00000e-01   2.01358e-01   9.21053e+02
                               ERR DEF= 0.5
 MIGRAD FAILS TO FIND IMPROVEMENT
 MIGRAD MINIMIZATION HAS CONVERGED.
 FCN=-4.05765e+07 FROM MIGRAD    STATUS=CONVERGED     427 CALLS         428 TOTAL
                     EDM=0.000927185    STRATEGY= 1  ERROR MATRIX UNCERTAINTY   2.7 per cent
  EXT PARAMETER                                   STEP         FIRST   
  NO.   NAME      VALUE            ERROR          SIZE      DERIVATIVE 
   1  N_Bkg        3.48306e+05   8.51081e+02   0.00000e+00  -2.63089e+01
   2  N_Jpsi       2.37116e+06   1.64054e+03  -0.00000e+00   3.55272e+01
   3  f            5.49544e-01   1.66851e-02  -0.00000e+00  -4.97528e+00
   4  m_{J/#Psi}   3.08994e+00   3.37192e-05  -0.00000e+00   4.37031e+01
   5  sigma_1_A    3.87330e-02   3.07049e-04   0.00000e+00  -3.59330e+01
   6  sl1         -8.44847e-02   2.94764e-03  -0.00000e+00   2.74363e-01
                               ERR DEF= 0.5
 EXTERNAL ERROR MATRIX.    NDIM=  25    NPAR=  6    ERR DEF=0.5
  7.243e+05 -3.978e+05 -4.375e+00 -1.305e-03  8.574e-02 -2.575e-03 
 -3.978e+05  2.691e+06  4.402e+00  1.274e-03 -8.638e-02 -1.426e-01 
 -4.375e+00  4.402e+00  2.785e-04  2.461e-09 -5.106e-06  5.001e-06 
 -1.305e-03  1.274e-03  2.461e-09  1.137e-09 -1.401e-10 -8.872e-09 
  8.574e-02 -8.638e-02 -5.106e-06 -1.401e-10  9.428e-08 -9.213e-08 
 -2.575e-03 -1.426e-01  5.001e-06 -8.872e-09 -9.213e-08  8.689e-06 
 PARAMETER  CORRELATION COEFFICIENTS  
       NO.  GLOBAL      1      2      3      4      5      6
        1  0.44764   1.000 -0.285 -0.308 -0.045  0.328 -0.001
        2  0.30583  -0.285  1.000  0.161  0.023 -0.171 -0.029
        3  0.99662  -0.308  0.161  1.000  0.004 -0.996  0.102
        4  0.14189  -0.045  0.023  0.004  1.000 -0.014 -0.089
        5  0.99667   0.328 -0.171 -0.996 -0.014  1.000 -0.102
        6  0.14609  -0.001 -0.029  0.102 -0.089 -0.102  1.000
Real time 0:00:13, CP time 0.160
Real time 0:00:13, CP time 0.160
 **********
 **    7 **SET ERR         0.5
 **********
 **********
 **    8 **SET PRINT           1
 **********
 **********
 **    9 **HESSE        3000
 **********
 COVARIANCE MATRIX CALCULATED SUCCESSFULLY
 FCN=-4.05765e+07 FROM HESSE     STATUS=OK             50 CALLS         478 TOTAL
                     EDM=0.000590471    STRATEGY= 1      ERROR MATRIX ACCURATE 
  EXT PARAMETER                                INTERNAL      INTERNAL  
  NO.   NAME      VALUE            ERROR       STEP SIZE       VALUE   
   1  N_Bkg        3.48306e+05   8.37771e+02   5.71678e-04  -4.91777e+02
   2  N_Jpsi       2.37116e+06   1.65070e+03   4.59073e-04  -1.40110e+02
   3  f            5.49544e-01   1.20559e-02   1.20878e-02   3.04234e+00
   4  m_{J/#Psi}   3.08994e+00   3.47679e-05   1.52410e-03  -6.06679e-02
   5  sigma_1_A    3.87330e-02   2.22115e-04   1.95817e-03  -3.62326e-01
   6  sl1         -8.44847e-02   3.16188e-03   1.38646e-02  -8.45855e-02
                               ERR DEF= 0.5
 EXTERNAL ERROR MATRIX.    NDIM=  25    NPAR=  6    ERR DEF=0.5
  7.019e+05 -3.538e+05 -2.239e+00 -6.344e-04  4.696e-02  9.366e-02 
 -3.538e+05  2.725e+06  2.234e+00  6.342e-04 -4.686e-02 -9.286e-02 
 -2.239e+00  2.234e+00  1.454e-04 -1.782e-09 -2.659e-06  2.388e-06 
 -6.344e-04  6.342e-04 -1.782e-09  1.209e-09 -2.718e-11 -8.564e-09 
  4.696e-02 -4.686e-02 -2.659e-06 -2.718e-11  4.934e-08 -4.437e-08 
  9.366e-02 -9.286e-02  2.388e-06 -8.564e-09 -4.437e-08  9.998e-06 
 PARAMETER  CORRELATION COEFFICIENTS  
       NO.  GLOBAL      1      2      3      4      5      6
        1  0.40581   1.000 -0.256 -0.222 -0.022  0.252  0.035
        2  0.27317  -0.256  1.000  0.112  0.011 -0.128 -0.018
        3  0.99355  -0.222  0.112  1.000 -0.004 -0.993  0.063
        4  0.10234  -0.022  0.011 -0.004  1.000 -0.004 -0.078
        5  0.99366   0.252 -0.128 -0.993 -0.004  1.000 -0.063
        6  0.11549   0.035 -0.018  0.063 -0.078 -0.063  1.000
Real time 0:00:00, CP time 0.010
Real time 0:00:13, CP time 0.170, 2 slices

********* Finished Mass Dist. Fit **************


  RooFitResult: minimized FCN value: -4.05765e+07, estimated distance to minimum: 0.000590471
                covariance matrix quality: Full, accurate covariance matrix
                Status : MINIMIZE=0 HESSE=0 

