
[1mRooFit v3.60 -- Developed by Wouter Verkerke and David Kirkby[0m 
                Copyright (C) 2000-2013 NIKHEF, University of California & Stanford University
                All rights reserved, please read http://roofit.sourceforge.net/license.txt


Processing MassFit_FixPar_Data.C(3.5,6.5,1.6,2.4,1)...

[1mRooFit v3.60 -- Developed by Wouter Verkerke and David Kirkby[0m 
                Copyright (C) 2000-2013 NIKHEF, University of California & Stanford University
                All rights reserved, please read http://roofit.sourceforge.net/license.txt

l_cut: 0.0485
RooDataSet::dataset[mass,pt,y,pt1,pt2,eta1,eta2,weight,ctau3DRes,ctau3D,ctau3DErr,recoQQsign] = 8758896 entries
pt: 3.5-6.5, y: 1.6-2.4
####################################
******** New Combined Dataset ***********
RooRealVar::mass = 3.05039  L(2.6 - 3.5) // [GeV/c^{2}]
DataStore datasetW ( a dataset)
  Contains 1814025 entries
  Observables: 
    1)  ctau3DRes = 0.848184  L(-100000 - 100000)  "c_{#tau}"
    2)     ctau3D = 0.0300638  L(-100000 - 100000) // [mm] "c_{#tau}"
    3)  ctau3DErr = 0.035445  L(-100000 - 100000) // [mm] "#sigma_{c#tau}"
    4)       mass = 3.05039  L(1 - 6) // [GeV/c^{2}] "mass variable"
    5)         pt = 4.28663  L(0 - 100) // [GeV/c] "pt variable"
    6)          y = -1.92495  L(-5 - 5)  "rapidity of the dimuon pair"

********* Starting Mass Dist. Fit **************

 **********
 **    1 **SET PRINT           1
 **********
 **********
 **    2 **SET NOGRAD
 **********
 PARAMETER DEFINITIONS:
    NO.   NAME         VALUE      STEP SIZE      LIMITS
     1 N_Bkg        9.00000e+07  5.00000e+06    0.00000e+00  1.00000e+08
 MINUIT WARNING IN PARAM DEF
 ============== LIMITS ON PARAM1 TOO FAR APART.
 PARAMETER DEFINITIONS:
    NO.   NAME         VALUE      STEP SIZE      LIMITS
     2 N_Jpsi       9.00000e+07  5.00000e+06    0.00000e+00  1.00000e+08
 MINUIT WARNING IN PARAM DEF
 ============== LIMITS ON PARAM2 TOO FAR APART.
 PARAMETER DEFINITIONS:
    NO.   NAME         VALUE      STEP SIZE      LIMITS
     3 m_{J/#Psi}   3.09600e+00  2.00000e-02    2.99600e+00  3.19600e+00
     4 sigma_1_A    3.74120e-02  1.20000e-02    0.00000e+00  1.20000e-01
     5 sl1          1.00000e-02  2.00000e-01   -1.00000e+00  1.00000e+00
     6 x_A          1.00000e+00  1.00000e-01    0.00000e+00  1.00000e+00
 MINUIT WARNING IN PARAM DEF
 ============== STARTING VALUE IS AT LIMIT.
 MINUIT WARNING IN PARAMETR
 ============== VARIABLE6 IS AT ITS UPPER ALLOWED LIMIT.
 MINUIT WARNING IN PARAMETR
 ============== VARIABLE6 BROUGHT BACK INSIDE LIMITS.
 **********
 **    3 **SET ERR         0.5
 **********
 **********
 **    4 **SET PRINT           1
 **********
 **********
 **    5 **SET STR           1
 **********
 NOW USING STRATEGY  1: TRY TO BALANCE SPEED AGAINST RELIABILITY
 **********
 **    6 **MIGRAD        3000           1
 **********
 FIRST CALL TO USER FUNCTION AT NEW START POINT, WITH IFLAG=4.
 MINUIT WARNING IN MIGrad    
 ============== VARIABLE6 IS AT ITS UPPER ALLOWED LIMIT.
 START MIGRAD MINIMIZATION.  STRATEGY  1.  CONVERGENCE WHEN EDM .LT. 1.00e-03
 FCN=-1.68572e+07 FROM MIGRAD    STATUS=INITIATE       77 CALLS          78 TOTAL
                     EDM= unknown      STRATEGY= 1      NO ERROR MATRIX       
  EXT PARAMETER               CURRENT GUESS       STEP         FIRST   
  NO.   NAME      VALUE            ERROR          SIZE      DERIVATIVE 
   1  N_Bkg        1.44773e+04   5.00000e+06   0.00000e+00  -5.44780e+06
   2  N_Jpsi       1.43221e+07   5.00000e+06  -1.72186e+00   3.07887e+07
   3  m_{J/#Psi}   3.09600e+00   2.00000e-02   0.00000e+00   1.79634e+05
   4  sigma_1_A    3.74120e-02   1.20000e-02   0.00000e+00  -1.57821e+06
   5  sl1          1.00000e-02   2.00000e-01   0.00000e+00  -5.05166e+04
   6  x_A          9.99999e-01   1.00000e-01   0.00000e+00  -4.60357e+02
                               ERR DEF= 0.5
 MIGRAD MINIMIZATION HAS CONVERGED.
 FCN=-2.6218e+07 FROM MIGRAD    STATUS=CONVERGED     215 CALLS         216 TOTAL
                     EDM=4.80708e-05    STRATEGY= 1  ERROR MATRIX UNCERTAINTY   2.8 per cent
  EXT PARAMETER                                   STEP         FIRST   
  NO.   NAME      VALUE            ERROR          SIZE      DERIVATIVE 
   1  N_Bkg        2.88730e+05   7.24771e+02   7.09172e-06   1.11716e+01
   2  N_Jpsi       1.52530e+06   1.32890e+03   4.96279e-07  -6.77185e+00
   3  m_{J/#Psi}   3.09021e+00   4.48288e-05  -1.39498e-06   4.70906e+00
   4  sigma_1_A    4.81221e-02   4.00461e-05  -3.07757e-05  -1.02515e+01
   5  sl1         -4.24593e-02   3.49836e-03  -2.62971e-04  -8.85006e-01
   6  x_A          1.00000e+00   1.06072e-06   2.59652e-06** at limit **
                               ERR DEF= 0.5
 EXTERNAL ERROR MATRIX.    NDIM=  25    NPAR=  6    ERR DEF=0.5
  5.253e+05 -2.373e+05  8.707e-04 -8.151e-03 -1.027e-01  2.856e-07 
 -2.373e+05  1.766e+06 -1.278e-03  8.715e-03  8.299e-02  1.432e-07 
  8.707e-04 -1.278e-03  2.010e-09 -1.713e-10 -1.179e-08 -7.075e-15 
 -8.151e-03  8.715e-03 -1.713e-10  1.604e-09 -4.419e-09 -2.549e-15 
 -1.027e-01  8.299e-02 -1.179e-08 -4.419e-09  1.224e-05 -1.592e-12 
  2.856e-07  1.432e-07 -7.075e-15 -2.549e-15 -1.592e-12  7.552e-14 
 PARAMETER  CORRELATION COEFFICIENTS  
       NO.  GLOBAL      1      2      3      4      5      6
        1  0.34948   1.000 -0.246  0.027 -0.281 -0.040  0.001
        2  0.26565  -0.246  1.000 -0.021  0.164  0.018  0.000
        3  0.12358   0.027 -0.021  1.000 -0.095 -0.075 -0.001
        4  0.31369  -0.281  0.164 -0.095  1.000 -0.032 -0.000
        5  0.09982  -0.040  0.018 -0.075 -0.032  1.000 -0.002
        6  0.00240   0.001  0.000 -0.001 -0.000 -0.002  1.000
Real time 0:00:05, CP time 0.090
Real time 0:00:05, CP time 0.090
 **********
 **    7 **SET ERR         0.5
 **********
 **********
 **    8 **SET PRINT           1
 **********
 **********
 **    9 **HESSE        3000
 **********
 EIGENVALUES OF SECOND-DERIVATIVE MATRIX:
        -7.2707e-02  6.8293e-01  9.1887e-01  1.0742e+00  1.1873e+00  2.2094e+00
 MINUIT WARNING IN HESSE   
 ============== MATRIX FORCED POS-DEF BY ADDING 0.074916 TO DIAGONAL.
 FCN=-2.6218e+07 FROM HESSE     STATUS=NOT POSDEF     52 CALLS         268 TOTAL
                     EDM=0.000323413    STRATEGY= 1      ERR MATRIX NOT POS-DEF
  EXT PARAMETER                APPROXIMATE     INTERNAL      INTERNAL  
  NO.   NAME      VALUE            ERROR       STEP SIZE       VALUE   
   1  N_Bkg        2.88730e+05   7.30509e+02   4.46423e-04  -1.46328e+00
   2  N_Jpsi       1.52530e+06   1.29344e+03   3.69510e-04  -1.32316e+00
   3  m_{J/#Psi}   3.09021e+00   4.28652e-05   1.55853e-03  -5.78972e-02
   4  sigma_1_A    4.81221e-02   5.55956e-04   2.22905e-03  -1.99281e-01
   5  sl1         -4.24593e-02   3.35832e-03   1.22690e-02  -4.24721e-02
   6  x_A          1.00000e+00   6.31556e-01   1.05145e-01   1.57053e+00
                                 WARNING -   - ABOVE PARAMETER IS AT LIMIT.
                               ERR DEF= 0.5
 EXTERNAL ERROR MATRIX.    NDIM=  25    NPAR=  6    ERR DEF=0.5
  5.336e+05 -2.522e+05  1.472e-03  1.240e-01 -7.686e-02  3.389e-02 
 -2.522e+05  1.673e+06 -1.441e-03 -1.214e-01  7.589e-02 -3.317e-02 
  1.472e-03 -1.441e-03  1.837e-09  2.119e-09 -1.107e-08  5.769e-10 
  1.240e-01 -1.214e-01  2.119e-09  3.091e-07  2.542e-08  7.970e-08 
 -7.686e-02  7.589e-02 -1.107e-08  2.542e-08  1.128e-05  6.955e-09 
  3.389e-02 -3.317e-02  5.769e-10  7.970e-08  6.955e-09  2.064e-08 
ERR MATRIX NOT POS-DEF
 PARAMETER  CORRELATION COEFFICIENTS  
       NO.  GLOBAL      1      2      3      4      5      6
        1  0.44713   1.000 -0.267  0.047  0.305 -0.031  0.323
        2  0.29627  -0.267  1.000 -0.026 -0.169  0.017 -0.179
        3  0.14004   0.047 -0.026  1.000  0.089 -0.077  0.094
        4  0.99793   0.305 -0.169  0.089  1.000  0.014  0.998
        5  0.09314  -0.031  0.017 -0.077  0.014  1.000  0.014
        6  0.99796   0.323 -0.179  0.094  0.998  0.014  1.000
 ERR MATRIX NOT POS-DEF
Real time 0:00:00, CP time 0.010
Real time 0:00:06, CP time 0.100, 2 slices

********* Finished Mass Dist. Fit **************


  RooFitResult: minimized FCN value: -2.6218e+07, estimated distance to minimum: 0.000323413
                covariance matrix quality: Full matrix, but forced positive-definite
                Status : MINIMIZE=0 HESSE=0 

    Floating Parameter    FinalValue +/-  Error   
  --------------------  --------------------------
                 N_Bkg    2.8873e+05 +/-  7.31e+02
                N_Jpsi    1.5253e+06 +/-  1.29e+03
            m_{J/#Psi}    3.0902e+00 +/-  4.29e-05
             sigma_1_A    4.8122e-02 +/-  5.56e-04
                   sl1   -4.2459e-02 +/-  3.36e-03
                   x_A    1.0000e+00 +/-  6.32e-01

 *** NLL : -26218009.2530519
Info in <TCanvas::Print>: pdf file figs/PRMC/Mass_Fixed_pt3.5-6.5_y1.6-2.4_muPt0.0_PRw_Effw0_Accw0_PtW0_TnP0.pdf has been created

Processing MassFit_FixPar_Data.C(6.5,9,1.6,2.4,1)...

[1mRooFit v3.60 -- Developed by Wouter Verkerke and David Kirkby[0m 
                Copyright (C) 2000-2013 NIKHEF, University of California & Stanford University
                All rights reserved, please read http://roofit.sourceforge.net/license.txt

l_cut: 0.0375
RooDataSet::dataset[mass,pt,y,pt1,pt2,eta1,eta2,weight,ctau3DRes,ctau3D,ctau3DErr,recoQQsign] = 8758896 entries
pt: 6.5-9, y: 1.6-2.4
####################################
******** New Combined Dataset ***********
RooRealVar::mass = 3.05039  L(2.6 - 3.5) // [GeV/c^{2}]
DataStore datasetW ( a dataset)
  Contains 668393 entries
  Observables: 
    1)  ctau3DRes = -0.371128  L(-100000 - 100000)  "c_{#tau}"
    2)     ctau3D = -0.0109586  L(-100000 - 100000) // [mm] "c_{#tau}"
    3)  ctau3DErr = 0.0295277  L(-100000 - 100000) // [mm] "#sigma_{c#tau}"
    4)       mass = 2.77294  L(1 - 6) // [GeV/c^{2}] "mass variable"
    5)         pt = 6.59486  L(0 - 100) // [GeV/c] "pt variable"
    6)          y = -1.73612  L(-5 - 5)  "rapidity of the dimuon pair"

********* Starting Mass Dist. Fit **************

 **********
 **    1 **SET PRINT           1
 **********
 **********
 **    2 **SET NOGRAD
 **********
 PARAMETER DEFINITIONS:
    NO.   NAME         VALUE      STEP SIZE      LIMITS
     1 N_Bkg        9.00000e+07  5.00000e+06    0.00000e+00  1.00000e+08
 MINUIT WARNING IN PARAM DEF
 ============== LIMITS ON PARAM1 TOO FAR APART.
 PARAMETER DEFINITIONS:
    NO.   NAME         VALUE      STEP SIZE      LIMITS
     2 N_Jpsi       9.00000e+07  5.00000e+06    0.00000e+00  1.00000e+08
 MINUIT WARNING IN PARAM DEF
 ============== LIMITS ON PARAM2 TOO FAR APART.
 PARAMETER DEFINITIONS:
    NO.   NAME         VALUE      STEP SIZE      LIMITS
     3 m_{J/#Psi}   3.09600e+00  2.00000e-02    2.99600e+00  3.19600e+00
     4 sigma_1_A    3.83640e-02  1.20000e-02    0.00000e+00  1.20000e-01
     5 sl1          1.00000e-02  2.00000e-01   -1.00000e+00  1.00000e+00
     6 x_A          1.00000e+00  1.00000e-01    0.00000e+00  1.00000e+00
 MINUIT WARNING IN PARAM DEF
 ============== STARTING VALUE IS AT LIMIT.
 MINUIT WARNING IN PARAMETR
 ============== VARIABLE6 IS AT ITS UPPER ALLOWED LIMIT.
 MINUIT WARNING IN PARAMETR
 ============== VARIABLE6 BROUGHT BACK INSIDE LIMITS.
 **********
 **    3 **SET ERR         0.5
 **********
 **********
 **    4 **SET PRINT           1
 **********
 **********
 **    5 **SET STR           1
 **********
 NOW USING STRATEGY  1: TRY TO BALANCE SPEED AGAINST RELIABILITY
 **********
 **    6 **MIGRAD        3000           1
 **********
 FIRST CALL TO USER FUNCTION AT NEW START POINT, WITH IFLAG=4.
 MINUIT WARNING IN MIGrad    
 ============== VARIABLE6 IS AT ITS UPPER ALLOWED LIMIT.
 START MIGRAD MINIMIZATION.  STRATEGY  1.  CONVERGENCE WHEN EDM .LT. 1.00e-03
 FCN=2.6489e+06 FROM MIGRAD    STATUS=INITIATE       71 CALLS          72 TOTAL
                     EDM= unknown      STRATEGY= 1      NO ERROR MATRIX       
  EXT PARAMETER               CURRENT GUESS       STEP         FIRST   
  NO.   NAME      VALUE            ERROR          SIZE      DERIVATIVE 
   1  N_Bkg        5.83652e+03   5.00000e+06   0.00000e+00  -1.28229e+06
   2  N_Jpsi       1.43221e+07   5.00000e+06  -1.72186e+00   3.34332e+07
   3  m_{J/#Psi}   3.09600e+00   2.00000e-02   0.00000e+00   1.00316e+05
   4  sigma_1_A    3.83640e-02   1.20000e-02   0.00000e+00  -4.78709e+05
   5  sl1          1.00000e-02   2.00000e-01   0.00000e+00  -1.05505e+04
   6  x_A          9.99999e-01   1.00000e-01   0.00000e+00  -1.13551e+02
                               ERR DEF= 0.5
 MIGRAD MINIMIZATION HAS CONVERGED.
 FCN=-9.09697e+06 FROM MIGRAD    STATUS=CONVERGED     231 CALLS         232 TOTAL
                     EDM=1.77741e-06    STRATEGY= 1  ERROR MATRIX UNCERTAINTY   1.7 per cent
  EXT PARAMETER                                   STEP         FIRST   
  NO.   NAME      VALUE            ERROR          SIZE      DERIVATIVE 
   1  N_Bkg        6.71754e+04   3.63303e+02   1.53568e-06  -5.67642e+00
   2  N_Jpsi       6.01218e+05   8.16605e+02   1.12663e-06  -6.53874e+00
   3  m_{J/#Psi}   3.09009e+00   6.91348e-05  -6.42831e-06  -1.26972e-01
   4  sigma_1_A    4.74591e-02   5.86749e-05   1.07646e-05  -5.96637e-01
   5  sl1         -1.25056e-01   7.60057e-03  -9.80964e-05   1.69029e-01
   6  x_A          1.00000e+00   4.30040e-06  -8.96467e-07** at limit **
                               ERR DEF= 0.5
 EXTERNAL ERROR MATRIX.    NDIM=  25    NPAR=  6    ERR DEF=0.5
  1.320e+05  6.445e+04  5.626e-04 -5.846e-03 -2.057e-01 -4.791e-07 
  6.445e+04  6.668e+05  8.574e-04 -5.868e-03 -2.329e-01 -1.101e-06 
  5.626e-04  8.574e-04  4.780e-09 -3.685e-10 -6.263e-08  8.199e-14 
 -5.846e-03 -5.868e-03 -3.685e-10  3.443e-09  7.061e-09 -8.181e-14 
 -2.057e-01 -2.329e-01 -6.263e-08  7.061e-09  5.777e-05  1.222e-11 
 -4.791e-07 -1.101e-06  8.199e-14 -8.181e-14  1.222e-11  1.741e-13 
 PARAMETER  CORRELATION COEFFICIENTS  
       NO.  GLOBAL      1      2      3      4      5      6
        1  0.33708   1.000  0.217  0.022 -0.274 -0.074 -0.003
        2  0.22794   0.217  1.000  0.015 -0.122 -0.038 -0.003
        3  0.14919   0.022  0.015  1.000 -0.091 -0.119  0.003
        4  0.29444  -0.274 -0.122 -0.091  1.000  0.016 -0.003
        5  0.14170  -0.074 -0.038 -0.119  0.016  1.000  0.004
        6  0.00769  -0.003 -0.003  0.003 -0.003  0.004  1.000
Real time 0:00:02, CP time 0.070
Real time 0:00:02, CP time 0.070
 **********
 **    7 **SET ERR         0.5
 **********
 **********
 **    8 **SET PRINT           1
 **********
 **********
 **    9 **HESSE        3000
 **********
 EIGENVALUES OF SECOND-DERIVATIVE MATRIX:
        -1.5750e-01  7.0663e-01  9.3078e-01  1.0672e+00  1.1631e+00  2.2898e+00
 MINUIT WARNING IN HESSE   
 ============== MATRIX FORCED POS-DEF BY ADDING 0.159788 TO DIAGONAL.
 FCN=-9.09697e+06 FROM HESSE     STATUS=NOT POSDEF     52 CALLS         284 TOTAL
                     EDM=0.00121014    STRATEGY= 1      ERR MATRIX NOT POS-DEF
  EXT PARAMETER                APPROXIMATE     INTERNAL      INTERNAL  
  NO.   NAME      VALUE            ERROR       STEP SIZE       VALUE   
   1  N_Bkg        6.71754e+04   3.87164e+02   2.74306e-04  -1.51895e+00
   2  N_Jpsi       6.01218e+05   7.75490e+02   2.14023e-04  -1.72603e+00
   3  m_{J/#Psi}   3.09009e+00   6.37293e-05   1.40441e-03  -5.91398e-02
   4  sigma_1_A    4.74591e-02   8.18602e-04   1.97727e-03  -2.10567e-01
   5  sl1         -1.25056e-01   6.84733e-03   1.53981e-02  -1.25384e-01
   6  x_A          1.00000e+00   6.84106e-01   1.74504e-01   1.57100e+00
                                 WARNING -   - ABOVE PARAMETER IS AT LIMIT.
                               ERR DEF= 0.5
 EXTERNAL ERROR MATRIX.    NDIM=  25    NPAR=  6    ERR DEF=0.5
  1.499e+05  8.390e+04  2.491e-03  1.601e-01 -1.056e-01  2.638e-02 
  8.390e+04  6.014e+05  2.366e-03  1.521e-01 -1.008e-01  2.505e-02 
  2.491e-03  2.366e-03  4.061e-09  8.782e-09 -2.697e-08  1.444e-09 
  1.601e-01  1.521e-01  8.782e-09  6.702e-07  1.511e-07  1.072e-07 
 -1.056e-01 -1.008e-01 -2.697e-08  1.511e-07  4.689e-05  2.501e-08 
  2.638e-02  2.505e-02  1.444e-09  1.072e-07  2.501e-08  1.722e-08 
ERR MATRIX NOT POS-DEF
 PARAMETER  CORRELATION COEFFICIENTS  
       NO.  GLOBAL      1      2      3      4      5      6
        1  0.57462   1.000  0.279  0.101  0.505 -0.040  0.519
        2  0.30861   0.279  1.000  0.048  0.240 -0.019  0.246
        3  0.19505   0.101  0.048  1.000  0.168 -0.062  0.173
        4  0.99800   0.505  0.240  0.168  1.000  0.027  0.998
        5  0.10285  -0.040 -0.019 -0.062  0.027  1.000  0.028
        6  0.99805   0.519  0.246  0.173  0.998  0.028  1.000
 ERR MATRIX NOT POS-DEF
Real time 0:00:00, CP time 0.010
Real time 0:00:02, CP time 0.080, 2 slices

********* Finished Mass Dist. Fit **************


  RooFitResult: minimized FCN value: -9.09697e+06, estimated distance to minimum: 0.00121014
                covariance matrix quality: Full matrix, but forced positive-definite
                Status : MINIMIZE=0 HESSE=0 

    Floating Parameter    FinalValue +/-  Error   
  --------------------  --------------------------
                 N_Bkg    6.7175e+04 +/-  3.87e+02
                N_Jpsi    6.0122e+05 +/-  7.75e+02
            m_{J/#Psi}    3.0901e+00 +/-  6.37e-05
             sigma_1_A    4.7459e-02 +/-  8.19e-04
                   sl1   -1.2506e-01 +/-  6.85e-03
                   x_A    1.0000e+00 +/-  6.84e-01

 *** NLL : -9096972.32975317
Info in <TCanvas::Print>: pdf file figs/PRMC/Mass_Fixed_pt6.5-9.0_y1.6-2.4_muPt0.0_PRw_Effw0_Accw0_PtW0_TnP0.pdf has been created

Processing MassFit_FixPar_Data.C(9,12,1.6,2.4,1)...

[1mRooFit v3.60 -- Developed by Wouter Verkerke and David Kirkby[0m 
                Copyright (C) 2000-2013 NIKHEF, University of California & Stanford University
                All rights reserved, please read http://roofit.sourceforge.net/license.txt

l_cut: 0.0325
RooDataSet::dataset[mass,pt,y,pt1,pt2,eta1,eta2,weight,ctau3DRes,ctau3D,ctau3DErr,recoQQsign] = 8758896 entries
pt: 9-12, y: 1.6-2.4
####################################
******** New Combined Dataset ***********
RooRealVar::mass = 3.05039  L(2.6 - 3.5) // [GeV/c^{2}]
DataStore datasetW ( a dataset)
  Contains 248705 entries
  Observables: 
    1)  ctau3DRes = -0.0894246  L(-100000 - 100000)  "c_{#tau}"
    2)     ctau3D = -0.00232405  L(-100000 - 100000) // [mm] "c_{#tau}"
    3)  ctau3DErr = 0.025989  L(-100000 - 100000) // [mm] "#sigma_{c#tau}"
    4)       mass = 3.0682  L(1 - 6) // [GeV/c^{2}] "mass variable"
    5)         pt = 9.19073  L(0 - 100) // [GeV/c] "pt variable"
    6)          y = 1.68769  L(-5 - 5)  "rapidity of the dimuon pair"

********* Starting Mass Dist. Fit **************

 **********
 **    1 **SET PRINT           1
 **********
 **********
 **    2 **SET NOGRAD
 **********
 PARAMETER DEFINITIONS:
    NO.   NAME         VALUE      STEP SIZE      LIMITS
     1 N_Bkg        9.00000e+07  5.00000e+06    0.00000e+00  1.00000e+08
 MINUIT WARNING IN PARAM DEF
 ============== LIMITS ON PARAM1 TOO FAR APART.
 PARAMETER DEFINITIONS:
    NO.   NAME         VALUE      STEP SIZE      LIMITS
     2 N_Jpsi       9.00000e+07  5.00000e+06    0.00000e+00  1.00000e+08
 MINUIT WARNING IN PARAM DEF
 ============== LIMITS ON PARAM2 TOO FAR APART.
 PARAMETER DEFINITIONS:
    NO.   NAME         VALUE      STEP SIZE      LIMITS
     3 m_{J/#Psi}   3.09600e+00  2.00000e-02    2.99600e+00  3.19600e+00
     4 sigma_1_A    3.98782e-02  1.20000e-02    0.00000e+00  1.20000e-01
     5 sl1          1.00000e-02  2.00000e-01   -1.00000e+00  1.00000e+00
     6 x_A          1.00000e+00  1.00000e-01    0.00000e+00  1.00000e+00
 MINUIT WARNING IN PARAM DEF
 ============== STARTING VALUE IS AT LIMIT.
 MINUIT WARNING IN PARAMETR
 ============== VARIABLE6 IS AT ITS UPPER ALLOWED LIMIT.
 MINUIT WARNING IN PARAMETR
 ============== VARIABLE6 BROUGHT BACK INSIDE LIMITS.
 **********
 **    3 **SET ERR         0.5
 **********
 **********
 **    4 **SET PRINT           1
 **********
 **********
 **    5 **SET STR           1
 **********
 NOW USING STRATEGY  1: TRY TO BALANCE SPEED AGAINST RELIABILITY
 **********
 **    6 **MIGRAD        3000           1
 **********
 FIRST CALL TO USER FUNCTION AT NEW START POINT, WITH IFLAG=4.
 MINUIT WARNING IN MIGrad    
 ============== VARIABLE6 IS AT ITS UPPER ALLOWED LIMIT.
 START MIGRAD MINIMIZATION.  STRATEGY  1.  CONVERGENCE WHEN EDM .LT. 1.00e-03
 FCN=9.96193e+06 FROM MIGRAD    STATUS=INITIATE       71 CALLS          72 TOTAL
                     EDM= unknown      STRATEGY= 1      NO ERROR MATRIX       
  EXT PARAMETER               CURRENT GUESS       STEP         FIRST   
  NO.   NAME      VALUE            ERROR          SIZE      DERIVATIVE 
   1  N_Bkg        4.08278e+03   5.00000e+06   0.00000e+00  -1.07150e+05
   2  N_Jpsi       1.43221e+07   5.00000e+06  -1.72186e+00   3.44331e+07
   3  m_{J/#Psi}   3.09600e+00   2.00000e-02   0.00000e+00   3.91517e+04
   4  sigma_1_A    3.98782e-02   1.20000e-02   0.00000e+00  -1.50728e+05
   5  sl1          1.00000e-02   2.00000e-01   0.00000e+00  -3.31617e+03
   6  x_A          9.99999e-01   1.00000e-01   0.00000e+00  -2.25167e+01
                               ERR DEF= 0.5
 MIGRAD MINIMIZATION HAS CONVERGED.
 MIGRAD WILL VERIFY CONVERGENCE AND ERROR MATRIX.
 EIGENVALUES OF SECOND-DERIVATIVE MATRIX:
        -5.2990e-01  7.1502e-01  9.3340e-01  1.0674e+00  1.1590e+00  2.6551e+00
 MINUIT WARNING IN HESSE   
 ============== MATRIX FORCED POS-DEF BY ADDING 0.532559 TO DIAGONAL.
 FCN=-3.14906e+06 FROM MIGRAD    STATUS=CONVERGED     260 CALLS         261 TOTAL
                     EDM=0.000998352    STRATEGY= 1      ERR MATRIX NOT POS-DEF
  EXT PARAMETER                APPROXIMATE        STEP         FIRST   
  NO.   NAME      VALUE            ERROR          SIZE      DERIVATIVE 
   1  N_Bkg        2.19444e+04   2.69074e+02   1.63157e-04  -2.48536e+00
   2  N_Jpsi       2.26763e+05   4.37564e+02   1.25347e-04  -4.65379e+01
   3  m_{J/#Psi}   3.09033e+00   9.42449e-05   1.33305e-03   2.04458e+00
   4  sigma_1_A    4.74228e-02   1.21356e-03   1.86771e-03  -1.44158e+00
   5  sl1         -1.11268e-01   1.05882e-02   1.60861e-02  -3.23730e-02
   6  x_A          1.00000e+00   7.27079e-01   5.00000e-01** at limit **
                               ERR DEF= 0.5
 EXTERNAL ERROR MATRIX.    NDIM=  25    NPAR=  6    ERR DEF=0.5
  7.240e+04  4.789e+04  7.348e-03  2.572e-01  4.647e-02  2.771e-05 
  4.789e+04  1.915e+05  6.338e-03  2.219e-01  3.974e-02  2.390e-05 
  7.348e-03  6.338e-03  8.882e-09  4.085e-08 -2.507e-08  4.395e-12 
  2.572e-01  2.219e-01  4.085e-08  1.473e-06  7.675e-07  1.568e-10 
  4.647e-02  3.974e-02 -2.507e-08  7.675e-07  1.121e-04  8.332e-11 
  2.771e-05  2.390e-05  4.395e-12  1.568e-10  8.332e-11  1.676e-14 
ERR MATRIX NOT POS-DEF
 PARAMETER  CORRELATION COEFFICIENTS  
       NO.  GLOBAL      1      2      3      4      5      6
        1  0.80590   1.000  0.407  0.290  0.788  0.016  0.795
        2  0.43950   0.407  1.000  0.154  0.418  0.009  0.422
        3  0.36559   0.290  0.154  1.000  0.357 -0.025  0.360
        4  0.99823   0.788  0.418  0.357  1.000  0.060  0.998
        5  0.09951   0.016  0.009 -0.025  0.060  1.000  0.061
        6  0.99829   0.795  0.422  0.360  0.998  0.061  1.000
 ERR MATRIX NOT POS-DEF
 **********
 **    7 **HESSE        3000
 **********
 EIGENVALUES OF SECOND-DERIVATIVE MATRIX:
        -5.3228e-01  7.1513e-01  9.3319e-01  1.0670e+00  1.1586e+00  2.6584e+00
 MINUIT WARNING IN HESSE   
 ============== MATRIX FORCED POS-DEF BY ADDING 0.534943 TO DIAGONAL.
 FCN=-3.14906e+06 FROM HESSE     STATUS=NOT POSDEF     44 CALLS         305 TOTAL
                     EDM=0.000993751    STRATEGY= 1      ERR MATRIX NOT POS-DEF
  EXT PARAMETER                APPROXIMATE     INTERNAL      INTERNAL  
  NO.   NAME      VALUE            ERROR       STEP SIZE       VALUE   
   1  N_Bkg        2.19444e+04   2.67671e+02   6.52626e-06  -1.54117e+00
   2  N_Jpsi       2.26763e+05   4.36523e+02   2.50693e-05  -1.66607e+00
   3  m_{J/#Psi}   3.09033e+00   9.43929e-05   2.66609e-04  -5.66869e-02
   4  sigma_1_A    4.74228e-02   1.21270e-03   7.47083e-05  -2.11186e-01
   5  sl1         -1.11268e-01   1.05797e-02   6.43443e-04  -1.11499e-01
   6  x_A          1.00000e+00   7.26850e-01   5.00000e-01   1.57080e+00
                                 WARNING -   - ABOVE PARAMETER IS AT LIMIT.
                               ERR DEF= 0.5
 EXTERNAL ERROR MATRIX.    NDIM=  25    NPAR=  6    ERR DEF=0.5
  7.165e+04  4.717e+04  7.413e-03  2.550e-01  4.673e-02  2.747e-05 
  4.717e+04  1.906e+05  6.382e-03  2.196e-01  4.023e-02  2.365e-05 
  7.413e-03  6.382e-03  8.910e-09  4.152e-08 -2.448e-08  4.467e-12 
  2.550e-01  2.196e-01  4.152e-08  1.471e-06  7.683e-07  1.566e-10 
  4.673e-02  4.023e-02 -2.448e-08  7.683e-07  1.119e-04  8.344e-11 
  2.747e-05  2.365e-05  4.467e-12  1.566e-10  8.344e-11  1.674e-14 
ERR MATRIX NOT POS-DEF
 PARAMETER  CORRELATION COEFFICIENTS  
       NO.  GLOBAL      1      2      3      4      5      6
        1  0.80395   1.000  0.404  0.293  0.786  0.016  0.793
        2  0.43654   0.404  1.000  0.155  0.415  0.009  0.419
        3  0.37114   0.293  0.155  1.000  0.363 -0.025  0.366
        4  0.99823   0.786  0.415  0.363  1.000  0.060  0.998
        5  0.09935   0.016  0.009 -0.025  0.060  1.000  0.061
        6  0.99829   0.793  0.419  0.366  0.998  0.061  1.000
 ERR MATRIX NOT POS-DEF
Real time 0:00:00, CP time 0.080
Real time 0:00:00, CP time 0.080
 **********
 **    8 **SET ERR         0.5
 **********
 **********
 **    9 **SET PRINT           1
 **********
 **********
 **   10 **HESSE        3000
 **********
 EIGENVALUES OF SECOND-DERIVATIVE MATRIX:
        -5.3242e-01  7.1515e-01  9.3318e-01  1.0669e+00  1.1586e+00  2.6586e+00
 MINUIT WARNING IN HESSE   
 ============== MATRIX FORCED POS-DEF BY ADDING 0.535075 TO DIAGONAL.
 FCN=-3.14906e+06 FROM HESSE     STATUS=NOT POSDEF     44 CALLS         349 TOTAL
                     EDM=0.000993293    STRATEGY= 1      ERR MATRIX NOT POS-DEF
  EXT PARAMETER                APPROXIMATE     INTERNAL      INTERNAL  
  NO.   NAME      VALUE            ERROR       STEP SIZE       VALUE   
   1  N_Bkg        2.19444e+04   2.67609e+02   1.30525e-06  -1.54117e+00
   2  N_Jpsi       2.26763e+05   4.36460e+02   5.01387e-06  -1.66607e+00
   3  m_{J/#Psi}   3.09033e+00   9.44465e-05   5.33218e-05  -5.66869e-02
   4  sigma_1_A    4.74228e-02   1.21268e-03   1.49417e-05  -2.11186e-01
   5  sl1         -1.11268e-01   1.05792e-02   1.28689e-04  -1.11499e-01
   6  x_A          1.00000e+00   7.26835e-01   5.00000e-01   1.57080e+00
                                 WARNING -   - ABOVE PARAMETER IS AT LIMIT.
                               ERR DEF= 0.5
 EXTERNAL ERROR MATRIX.    NDIM=  25    NPAR=  6    ERR DEF=0.5
  7.161e+04  4.713e+04  7.443e-03  2.549e-01  4.659e-02  2.746e-05 
  4.713e+04  1.905e+05  6.407e-03  2.194e-01  4.010e-02  2.364e-05 
  7.443e-03  6.407e-03  8.920e-09  4.170e-08 -2.440e-08  4.487e-12 
  2.549e-01  2.194e-01  4.170e-08  1.471e-06  7.675e-07  1.566e-10 
  4.659e-02  4.010e-02 -2.440e-08  7.675e-07  1.119e-04  8.335e-11 
  2.746e-05  2.364e-05  4.487e-12  1.566e-10  8.335e-11  1.674e-14 
ERR MATRIX NOT POS-DEF
 PARAMETER  CORRELATION COEFFICIENTS  
       NO.  GLOBAL      1      2      3      4      5      6
        1  0.80387   1.000  0.404  0.294  0.786  0.016  0.793
        2  0.43635   0.404  1.000  0.155  0.415  0.009  0.419
        3  0.37255   0.294  0.155  1.000  0.364 -0.024  0.367
        4  0.99823   0.786  0.415  0.364  1.000  0.060  0.998
        5  0.09930   0.016  0.009 -0.024  0.060  1.000  0.061
        6  0.99829   0.793  0.419  0.367  0.998  0.061  1.000
 ERR MATRIX NOT POS-DEF
Real time 0:00:00, CP time 0.000
Real time 0:00:01, CP time 0.080, 2 slices

********* Finished Mass Dist. Fit **************


  RooFitResult: minimized FCN value: -3.14906e+06, estimated distance to minimum: 0.000993293
                covariance matrix quality: Full matrix, but forced positive-definite
                Status : MINIMIZE=0 HESSE=0 

    Floating Parameter    FinalValue +/-  Error   
  --------------------  --------------------------
                 N_Bkg    2.1944e+04 +/-  2.68e+02
                N_Jpsi    2.2676e+05 +/-  4.36e+02
            m_{J/#Psi}    3.0903e+00 +/-  9.44e-05
             sigma_1_A    4.7423e-02 +/-  1.21e-03
                   sl1   -1.1127e-01 +/-  1.06e-02
                   x_A    1.0000e+00 +/-  7.27e-01

 *** NLL : -3149059.51338133
Info in <TCanvas::Print>: pdf file figs/PRMC/Mass_Fixed_pt9.0-12.0_y1.6-2.4_muPt0.0_PRw_Effw0_Accw0_PtW0_TnP0.pdf has been created

Processing MassFit_FixPar_Data.C(12,40,1.6,2.4,1)...

[1mRooFit v3.60 -- Developed by Wouter Verkerke and David Kirkby[0m 
                Copyright (C) 2000-2013 NIKHEF, University of California & Stanford University
                All rights reserved, please read http://roofit.sourceforge.net/license.txt

l_cut: 0.0245
RooDataSet::dataset[mass,pt,y,pt1,pt2,eta1,eta2,weight,ctau3DRes,ctau3D,ctau3DErr,recoQQsign] = 8758896 entries
pt: 12-40, y: 1.6-2.4
####################################
******** New Combined Dataset ***********
RooRealVar::mass = 3.05039  L(2.6 - 3.5) // [GeV/c^{2}]
DataStore datasetW ( a dataset)
  Contains 111262 entries
  Observables: 
    1)  ctau3DRes = -0.858597  L(-100000 - 100000)  "c_{#tau}"
    2)     ctau3D = -0.010388  L(-100000 - 100000) // [mm] "c_{#tau}"
    3)  ctau3DErr = 0.0120988  L(-100000 - 100000) // [mm] "#sigma_{c#tau}"
    4)       mass = 3.16026  L(1 - 6) // [GeV/c^{2}] "mass variable"
    5)         pt = 35.1193  L(0 - 100) // [GeV/c] "pt variable"
    6)          y = 1.70505  L(-5 - 5)  "rapidity of the dimuon pair"

********* Starting Mass Dist. Fit **************

 **********
 **    1 **SET PRINT           1
 **********
 **********
 **    2 **SET NOGRAD
 **********
 PARAMETER DEFINITIONS:
    NO.   NAME         VALUE      STEP SIZE      LIMITS
     1 N_Bkg        9.00000e+07  5.00000e+06    0.00000e+00  1.00000e+08
 MINUIT WARNING IN PARAM DEF
 ============== LIMITS ON PARAM1 TOO FAR APART.
 PARAMETER DEFINITIONS:
    NO.   NAME         VALUE      STEP SIZE      LIMITS
     2 N_Jpsi       9.00000e+07  5.00000e+06    0.00000e+00  1.00000e+08
 MINUIT WARNING IN PARAM DEF
 ============== LIMITS ON PARAM2 TOO FAR APART.
 PARAMETER DEFINITIONS:
    NO.   NAME         VALUE      STEP SIZE      LIMITS
     3 m_{J/#Psi}   3.09600e+00  2.00000e-02    2.99600e+00  3.19600e+00
     4 sigma_1_A    3.56489e-02  1.20000e-02    0.00000e+00  1.20000e-01
     5 sl1          1.00000e-02  2.00000e-01   -1.00000e+00  1.00000e+00
     6 x_A          1.00000e+00  1.00000e-01    0.00000e+00  1.00000e+00
 MINUIT WARNING IN PARAM DEF
 ============== STARTING VALUE IS AT LIMIT.
 MINUIT WARNING IN PARAMETR
 ============== VARIABLE6 IS AT ITS UPPER ALLOWED LIMIT.
 MINUIT WARNING IN PARAMETR
 ============== VARIABLE6 BROUGHT BACK INSIDE LIMITS.
 **********
 **    3 **SET ERR         0.5
 **********
 **********
 **    4 **SET PRINT           1
 **********
 **********
 **    5 **SET STR           1
 **********
 NOW USING STRATEGY  1: TRY TO BALANCE SPEED AGAINST RELIABILITY
 **********
 **    6 **MIGRAD        3000           1
 **********
 FIRST CALL TO USER FUNCTION AT NEW START POINT, WITH IFLAG=4.
 MINUIT WARNING IN MIGrad    
 ============== VARIABLE6 IS AT ITS UPPER ALLOWED LIMIT.
 START MIGRAD MINIMIZATION.  STRATEGY  1.  CONVERGENCE WHEN EDM .LT. 1.00e-03
 FCN=1.23912e+07 FROM MIGRAD    STATUS=INITIATE       71 CALLS          72 TOTAL
                     EDM= unknown      STRATEGY= 1      NO ERROR MATRIX       
  EXT PARAMETER               CURRENT GUESS       STEP         FIRST   
  NO.   NAME      VALUE            ERROR          SIZE      DERIVATIVE 
   1  N_Bkg        3.73604e+03   5.00000e+06   0.00000e+00   1.37615e+05
   2  N_Jpsi       1.43221e+07   5.00000e+06  -1.72186e+00   3.47647e+07
   3  m_{J/#Psi}   3.09600e+00   2.00000e-02   0.00000e+00   1.75868e+04
   4  sigma_1_A    3.56489e-02   1.20000e-02   0.00000e+00  -1.10838e+05
   5  sl1          1.00000e-02   2.00000e-01   0.00000e+00  -1.94533e+03
   6  x_A          9.99999e-01   1.00000e-01   0.00000e+00  -3.61863e+01
                               ERR DEF= 0.5
 MIGRAD MINIMIZATION HAS CONVERGED.
 FCN=-1.31371e+06 FROM MIGRAD    STATUS=CONVERGED     211 CALLS         212 TOTAL
                     EDM=4.24099e-07    STRATEGY= 1  ERROR MATRIX UNCERTAINTY   2.2 per cent
  EXT PARAMETER                                   STEP         FIRST   
  NO.   NAME      VALUE            ERROR          SIZE      DERIVATIVE 
   1  N_Bkg        1.20050e+04   1.51681e+02   1.14963e-07   4.11949e+00
   2  N_Jpsi       9.92572e+04   3.31689e+02   7.32146e-06  -2.92088e+00
   3  m_{J/#Psi}   3.08954e+00   1.66843e-04  -1.27313e-04  -3.70247e-03
   4  sigma_1_A    4.75659e-02   1.43751e-04   3.48328e-05   2.10029e-01
   5  sl1         -1.22195e-01   1.73504e-02   1.00111e-04  -2.79494e-02
   6  x_A          1.00000e+00   1.34932e-05   3.51130e-06** at limit **
                               ERR DEF= 0.5
 EXTERNAL ERROR MATRIX.    NDIM=  25    NPAR=  6    ERR DEF=0.5
  2.301e+04  1.079e+04  3.499e-04 -6.032e-03 -1.127e-01 -6.755e-08 
  1.079e+04  1.100e+05  3.558e-04 -6.045e-03 -1.283e-01 -1.048e-07 
  3.499e-04  3.558e-04  2.784e-08 -1.501e-09 -2.363e-07 -2.276e-13 
 -6.032e-03 -6.045e-03 -1.501e-09  2.066e-08 -6.093e-08  1.045e-13 
 -1.127e-01 -1.283e-01 -2.363e-07 -6.093e-08  3.011e-04  4.064e-12 
 -6.755e-08 -1.048e-07 -2.276e-13  1.045e-13  4.064e-12  8.947e-13 
 PARAMETER  CORRELATION COEFFICIENTS  
       NO.  GLOBAL      1      2      3      4      5      6
        1  0.33363   1.000  0.214  0.014 -0.277 -0.043 -0.000
        2  0.22623   0.214  1.000  0.006 -0.127 -0.022 -0.000
        3  0.10443   0.014  0.006  1.000 -0.063 -0.082 -0.001
        4  0.29410  -0.277 -0.127 -0.063  1.000 -0.024  0.001
        5  0.10245  -0.043 -0.022 -0.082 -0.024  1.000  0.000
        6  0.00163  -0.000 -0.000 -0.001  0.001  0.000  1.000
Real time 0:00:00, CP time 0.060
Real time 0:00:00, CP time 0.060
 **********
 **    7 **SET ERR         0.5
 **********
 **********
 **    8 **SET PRINT           1
 **********
 **********
 **    9 **HESSE        3000
 **********
 EIGENVALUES OF SECOND-DERIVATIVE MATRIX:
        -8.7883e-02  7.1229e-01  9.2357e-01  1.0704e+00  1.1586e+00  2.2231e+00
 MINUIT WARNING IN HESSE   
 ============== MATRIX FORCED POS-DEF BY ADDING 0.090106 TO DIAGONAL.
 FCN=-1.31371e+06 FROM HESSE     STATUS=NOT POSDEF     52 CALLS         264 TOTAL
                     EDM=0.000480164    STRATEGY= 1      ERR MATRIX NOT POS-DEF
  EXT PARAMETER                APPROXIMATE     INTERNAL      INTERNAL  
  NO.   NAME      VALUE            ERROR       STEP SIZE       VALUE   
   1  N_Bkg        1.20050e+04   1.53534e+02   1.02679e-04  -1.54888e+00
   2  N_Jpsi       9.92572e+04   3.20797e+02   8.12082e-05  -1.63382e+00
   3  m_{J/#Psi}   3.08954e+00   1.60321e-04   1.31663e-03  -6.46440e-02
   4  sigma_1_A    4.75659e-02   2.06039e-03   1.85918e-03  -2.08747e-01
   5  sl1         -1.22195e-01   1.66627e-02   1.38047e-02  -1.22501e-01
   6  x_A          1.00000e+00   7.04670e-01   7.60689e-02   1.57054e+00
                                 WARNING -   - ABOVE PARAMETER IS AT LIMIT.
                               ERR DEF= 0.5
 EXTERNAL ERROR MATRIX.    NDIM=  25    NPAR=  6    ERR DEF=0.5
  2.357e+04  1.183e+04  1.052e-03  1.097e-01 -7.705e-02  3.515e-02 
  1.183e+04  1.029e+05  1.023e-03  1.067e-01 -7.533e-02  3.417e-02 
  1.052e-03  1.023e-03  2.570e-08  2.818e-08 -1.873e-07  8.997e-09 
  1.097e-01  1.067e-01  2.818e-08  4.247e-06  1.068e-06  1.296e-06 
 -7.705e-02 -7.533e-02 -1.873e-07  1.068e-06  2.777e-04  3.420e-07 
  3.515e-02  3.417e-02  8.997e-09  1.296e-06  3.420e-07  3.971e-07 
ERR MATRIX NOT POS-DEF
 PARAMETER  CORRELATION COEFFICIENTS  
       NO.  GLOBAL      1      2      3      4      5      6
        1  0.46240   1.000  0.240  0.043  0.347 -0.030  0.363
        2  0.26375   0.240  1.000  0.020  0.161 -0.014  0.169
        3  0.12789   0.043  0.020  1.000  0.085 -0.070  0.089
        4  0.99794   0.347  0.161  0.085  1.000  0.031  0.998
        5  0.09991  -0.030 -0.014 -0.070  0.031  1.000  0.033
        6  0.99798   0.363  0.169  0.089  0.998  0.033  1.000
 ERR MATRIX NOT POS-DEF
Real time 0:00:00, CP time 0.010
Real time 0:00:00, CP time 0.070, 2 slices

********* Finished Mass Dist. Fit **************


  RooFitResult: minimized FCN value: -1.31371e+06, estimated distance to minimum: 0.000480164
                covariance matrix quality: Full matrix, but forced positive-definite
                Status : MINIMIZE=0 HESSE=0 

    Floating Parameter    FinalValue +/-  Error   
  --------------------  --------------------------
                 N_Bkg    1.2005e+04 +/-  1.54e+02
                N_Jpsi    9.9257e+04 +/-  3.21e+02
            m_{J/#Psi}    3.0895e+00 +/-  1.60e-04
             sigma_1_A    4.7566e-02 +/-  2.06e-03
                   sl1   -1.2219e-01 +/-  1.67e-02
                   x_A    1.0000e+00 +/-  7.05e-01

 *** NLL : -1313711.25421123
Info in <TCanvas::Print>: pdf file figs/PRMC/Mass_Fixed_pt12.0-40.0_y1.6-2.4_muPt0.0_PRw_Effw0_Accw0_PtW0_TnP0.pdf has been created

Processing MassFit_FixPar_Data.C(3.5,40,1.6,2.4,1)...

[1mRooFit v3.60 -- Developed by Wouter Verkerke and David Kirkby[0m 
                Copyright (C) 2000-2013 NIKHEF, University of California & Stanford University
                All rights reserved, please read http://roofit.sourceforge.net/license.txt

l_cut: 0.0365
RooDataSet::dataset[mass,pt,y,pt1,pt2,eta1,eta2,weight,ctau3DRes,ctau3D,ctau3DErr,recoQQsign] = 8758896 entries
pt: 3.5-40, y: 1.6-2.4
####################################
******** New Combined Dataset ***********
RooRealVar::mass = 3.05039  L(2.6 - 3.5) // [GeV/c^{2}]
DataStore datasetW ( a dataset)
  Contains 2719464 entries
  Observables: 
    1)  ctau3DRes = 0.848184  L(-100000 - 100000)  "c_{#tau}"
    2)     ctau3D = 0.0300638  L(-100000 - 100000) // [mm] "c_{#tau}"
    3)  ctau3DErr = 0.035445  L(-100000 - 100000) // [mm] "#sigma_{c#tau}"
    4)       mass = 3.05039  L(1 - 6) // [GeV/c^{2}] "mass variable"
    5)         pt = 4.28663  L(0 - 100) // [GeV/c] "pt variable"
    6)          y = -1.92495  L(-5 - 5)  "rapidity of the dimuon pair"

********* Starting Mass Dist. Fit **************

 **********
 **    1 **SET PRINT           1
 **********
 **********
 **    2 **SET NOGRAD
 **********
 PARAMETER DEFINITIONS:
    NO.   NAME         VALUE      STEP SIZE      LIMITS
     1 N_Bkg        9.00000e+07  5.00000e+06    0.00000e+00  1.00000e+08
 MINUIT WARNING IN PARAM DEF
 ============== LIMITS ON PARAM1 TOO FAR APART.
 PARAMETER DEFINITIONS:
    NO.   NAME         VALUE      STEP SIZE      LIMITS
     2 N_Jpsi       9.00000e+07  5.00000e+06    0.00000e+00  1.00000e+08
 MINUIT WARNING IN PARAM DEF
 ============== LIMITS ON PARAM2 TOO FAR APART.
 PARAMETER DEFINITIONS:
    NO.   NAME         VALUE      STEP SIZE      LIMITS
     3 m_{J/#Psi}   3.09600e+00  2.00000e-02    2.99600e+00  3.19600e+00
     4 sigma_1_A    3.74867e-02  1.20000e-02    0.00000e+00  1.20000e-01
     5 sl1          1.00000e-02  2.00000e-01   -1.00000e+00  1.00000e+00
     6 x_A          1.00000e+00  1.00000e-01    0.00000e+00  1.00000e+00
 MINUIT WARNING IN PARAM DEF
 ============== STARTING VALUE IS AT LIMIT.
 MINUIT WARNING IN PARAMETR
 ============== VARIABLE6 IS AT ITS UPPER ALLOWED LIMIT.
 MINUIT WARNING IN PARAMETR
 ============== VARIABLE6 BROUGHT BACK INSIDE LIMITS.
 **********
 **    3 **SET ERR         0.5
 **********
 **********
 **    4 **SET PRINT           1
 **********
 **********
 **    5 **SET STR           1
 **********
 NOW USING STRATEGY  1: TRY TO BALANCE SPEED AGAINST RELIABILITY
 **********
 **    6 **MIGRAD        3000           1
 **********
 FIRST CALL TO USER FUNCTION AT NEW START POINT, WITH IFLAG=4.
 MINUIT WARNING IN MIGrad    
 ============== VARIABLE6 IS AT ITS UPPER ALLOWED LIMIT.
