
[1mRooFit v3.60 -- Developed by Wouter Verkerke and David Kirkby[0m 
                Copyright (C) 2000-2013 NIKHEF, University of California & Stanford University
                All rights reserved, please read http://roofit.sourceforge.net/license.txt


Processing MassFit_FixPar_Data.C(3.5,6.5,1.6,2.4,1)...

[1mRooFit v3.60 -- Developed by Wouter Verkerke and David Kirkby[0m 
                Copyright (C) 2000-2013 NIKHEF, University of California & Stanford University
                All rights reserved, please read http://roofit.sourceforge.net/license.txt

l_cut: 0.0485
RooDataSet::dataset[mass,pt,y,pt1,pt2,eta1,eta2,weight,ctau3DRes,ctau3D,ctau3DErr,recoQQsign] = 8758896 entries
pt: 3.5-6.5, y: 1.6-2.4
####################################
******** New Combined Dataset ***********
RooRealVar::mass = 3.05039  L(2.6 - 3.5) // [GeV/c^{2}]
DataStore datasetW ( a dataset)
  Contains 1814025 entries
  Observables: 
    1)  ctau3DRes = 0.848184  L(-100000 - 100000)  "c_{#tau}"
    2)     ctau3D = 0.0300638  L(-100000 - 100000) // [mm] "c_{#tau}"
    3)  ctau3DErr = 0.035445  L(-100000 - 100000) // [mm] "#sigma_{c#tau}"
    4)       mass = 3.05039  L(1 - 6) // [GeV/c^{2}] "mass variable"
    5)         pt = 4.28663  L(0 - 100) // [GeV/c] "pt variable"
    6)          y = -1.92495  L(-5 - 5)  "rapidity of the dimuon pair"

********* Starting Mass Dist. Fit **************

 **********
 **    1 **SET PRINT           1
 **********
 **********
 **    2 **SET NOGRAD
 **********
 PARAMETER DEFINITIONS:
    NO.   NAME         VALUE      STEP SIZE      LIMITS
     1 N_Bkg        9.00000e+07  5.00000e+06    0.00000e+00  1.00000e+08
 MINUIT WARNING IN PARAM DEF
 ============== LIMITS ON PARAM1 TOO FAR APART.
 PARAMETER DEFINITIONS:
    NO.   NAME         VALUE      STEP SIZE      LIMITS
     2 N_Jpsi       9.00000e+07  5.00000e+06    0.00000e+00  1.00000e+08
 MINUIT WARNING IN PARAM DEF
 ============== LIMITS ON PARAM2 TOO FAR APART.
 PARAMETER DEFINITIONS:
    NO.   NAME         VALUE      STEP SIZE      LIMITS
     3 m_{J/#Psi}   3.09600e+00  2.00000e-02    2.99600e+00  3.19600e+00
     4 n_1_A        1.46163e+00  7.30816e-01    0.00000e+00  1.00000e+01
     5 sigma_1_A    3.74120e-02  1.20000e-02    0.00000e+00  1.20000e-01
     6 sl1          0.00000e+00  2.00000e-01   -1.00000e+00  1.00000e+00
 **********
 **    3 **SET ERR         0.5
 **********
 **********
 **    4 **SET PRINT           1
 **********
 **********
 **    5 **SET STR           1
 **********
 NOW USING STRATEGY  1: TRY TO BALANCE SPEED AGAINST RELIABILITY
 **********
 **    6 **MINIMIZE        3000           1
 **********
 FIRST CALL TO USER FUNCTION AT NEW START POINT, WITH IFLAG=4.
 START MIGRAD MINIMIZATION.  STRATEGY  1.  CONVERGENCE WHEN EDM .LT. 1.00e-03
 FCN=-1.70699e+07 FROM MIGRAD    STATUS=INITIATE       75 CALLS          76 TOTAL
                     EDM= unknown      STRATEGY= 1      NO ERROR MATRIX       
  EXT PARAMETER               CURRENT GUESS       STEP         FIRST   
  NO.   NAME      VALUE            ERROR          SIZE      DERIVATIVE 
   1  N_Bkg        1.22039e+04   5.00000e+06   0.00000e+00  -3.77067e+06
   2  N_Jpsi       1.43221e+07   5.00000e+06  -1.72186e+00   3.07246e+07
   3  m_{J/#Psi}   3.09600e+00   2.00000e-02   0.00000e+00   2.51392e+05
   4  n_1_A        1.46163e+00   7.30816e-01   0.00000e+00   4.28227e+05
   5  sigma_1_A    3.74120e-02   1.20000e-02   0.00000e+00  -8.57215e+05
   6  sl1          0.00000e+00   2.00000e-01   0.00000e+00  -3.84823e+04
                               ERR DEF= 0.5
[#0] WARNING:Minization -- RooMinimizerFcn: Minimized function has error status.
Returning maximum FCN so far (1.53711e+08) to force MIGRAD to back out of this region. Error log follows
Parameter values: N_Bkg=27845.1, N_Jpsi=2.55596e+06, m_{J/#Psi}=3.09351, n_1_A=9.83774, sigma_1_A=0.0438546, sl1=0.686603
RooGaussian::n_constraint[ x=n_1_A mean=1.46163 sigma=0.039121 ]
     getLogVal() top-level p.d.f evaluates to zero @ x=n_1_A=9.83774, mean=1.46163=1.46163, sigma=0.039121=0.039121

[#0] WARNING:Minization -- RooMinimizerFcn: Minimized function has error status.
Returning maximum FCN so far (1.53711e+08) to force MIGRAD to back out of this region. Error log follows
Parameter values: N_Bkg=431496, N_Jpsi=9.40004e+07, m_{J/#Psi}=3.07205, n_1_A=9.84511, sigma_1_A=0.0993294, sl1=0.869828
RooGaussian::n_constraint[ x=n_1_A mean=1.46163 sigma=0.039121 ]
     getLogVal() top-level p.d.f evaluates to zero @ x=n_1_A=9.84511, mean=1.46163=1.46163, sigma=0.039121=0.039121

[#0] WARNING:Minization -- RooMinimizerFcn: Minimized function has error status.
Returning maximum FCN so far (1.53711e+08) to force MIGRAD to back out of this region. Error log follows
Parameter values: N_Bkg=35224.4, N_Jpsi=585295, m_{J/#Psi}=3.09259, n_1_A=7.27107, sigma_1_A=0.0462894, sl1=0.860434
RooGaussian::n_constraint[ x=n_1_A mean=1.46163 sigma=0.039121 ]
     getLogVal() top-level p.d.f evaluates to zero @ x=n_1_A=7.27107, mean=1.46163=1.46163, sigma=0.039121=0.039121

[#0] WARNING:Minization -- RooMinimizerFcn: Minimized function has error status.
Returning maximum FCN so far (1.53711e+08) to force MIGRAD to back out of this region. Error log follows
Parameter values: N_Bkg=37886.5, N_Jpsi=234880, m_{J/#Psi}=3.09228, n_1_A=5.09132, sigma_1_A=0.0471096, sl1=0.904226
RooGaussian::n_constraint[ x=n_1_A mean=1.46163 sigma=0.039121 ]
     getLogVal() top-level p.d.f evaluates to zero @ x=n_1_A=5.09132, mean=1.46163=1.46163, sigma=0.039121=0.039121

[#0] WARNING:Minization -- RooMinimizerFcn: Minimized function has error status.
Returning maximum FCN so far (1.53711e+08) to force MIGRAD to back out of this region. Error log follows
Parameter values: N_Bkg=40645.4, N_Jpsi=41558.9, m_{J/#Psi}=3.09197, n_1_A=2.97488, sigma_1_A=0.0479322, sl1=0.940128
RooGaussian::n_constraint[ x=n_1_A mean=1.46163 sigma=0.039121 ]
     getLogVal() top-level p.d.f evaluates to zero @ x=n_1_A=2.97488, mean=1.46163=1.46163, sigma=0.039121=0.039121

[#0] WARNING:Minization -- RooMinimizerFcn: Minimized function has error status.
Returning maximum FCN so far (1.53711e+08) to force MIGRAD to back out of this region. Error log follows
Parameter values: N_Bkg=51514.3, N_Jpsi=2.68684e+06, m_{J/#Psi}=3.09326, n_1_A=5.86895, sigma_1_A=0.0532705, sl1=-0.138679
RooGaussian::n_constraint[ x=n_1_A mean=1.46163 sigma=0.039121 ]
     getLogVal() top-level p.d.f evaluates to zero @ x=n_1_A=5.86895, mean=1.46163=1.46163, sigma=0.039121=0.039121

 MIGRAD FAILS TO FIND IMPROVEMENT
 MACHINE ACCURACY LIMITS FURTHER IMPROVEMENT.
 MIGRAD MINIMIZATION HAS CONVERGED.
 MIGRAD WILL VERIFY CONVERGENCE AND ERROR MATRIX.
 COVARIANCE MATRIX CALCULATED SUCCESSFULLY
 FCN=-2.622e+07 FROM HESSE     STATUS=OK             46 CALLS         455 TOTAL
                     EDM=0.00309516    STRATEGY= 1      ERROR MATRIX ACCURATE 
  EXT PARAMETER                                   STEP         FIRST   
  NO.   NAME      VALUE            ERROR          SIZE      DERIVATIVE 
   1  N_Bkg        2.78499e+05   1.08889e+03   4.50134e-04  -8.38382e+01
   2  N_Jpsi       1.53559e+06   1.56391e+03   3.69339e-04   5.15206e+02
   3  m_{J/#Psi}   3.09027e+00   4.40981e-05   1.54892e-03   1.67596e+01
   4  n_1_A        1.55161e+00   2.41701e-02   1.26568e-02   1.08763e+01
   5  sigma_1_A    3.93530e-02   3.35694e-05   2.00395e-03   3.88137e+00
   6  sl1         -7.34115e-02   4.87924e-03   1.23388e-02  -6.16635e+00
                               ERR DEF= 0.5
 MIGRAD FAILS TO FIND IMPROVEMENT
 MIGRAD MINIMIZATION HAS CONVERGED.
 FCN=-2.622e+07 FROM MIGRAD    STATUS=CONVERGED     477 CALLS         478 TOTAL
                     EDM=0.000132546    STRATEGY= 1  ERROR MATRIX UNCERTAINTY   4.6 per cent
  EXT PARAMETER                                   STEP         FIRST   
  NO.   NAME      VALUE            ERROR          SIZE      DERIVATIVE 
   1  N_Bkg        2.78480e+05   1.05649e+03   0.00000e+00   7.91931e+00
   2  N_Jpsi       1.53555e+06   1.60444e+03  -0.00000e+00  -9.70077e+00
   3  m_{J/#Psi}   3.09027e+00   4.41351e-05  -0.00000e+00  -1.41765e-01
   4  n_1_A        1.55051e+00   2.19411e-02   0.00000e+00  -2.91847e+00
   5  sigma_1_A    3.93525e-02   3.35585e-05   0.00000e+00  -7.77060e-01
   6  sl1         -7.31821e-02   4.65770e-03  -0.00000e+00  -4.43252e-01
                               ERR DEF= 0.5
 EXTERNAL ERROR MATRIX.    NDIM=  25    NPAR=  6    ERR DEF=0.5
  1.116e+06 -9.099e+05 -1.940e-03  1.701e+01 -7.096e-03 -2.406e+00 
 -9.099e+05  2.574e+06  2.596e-03 -1.884e+01  7.299e-03  2.546e+00 
 -1.940e-03  2.596e-03  1.948e-09 -7.400e-08 -9.492e-11 -2.865e-09 
  1.701e+01 -1.884e+01 -7.400e-08  4.814e-04 -4.089e-09 -6.687e-05 
 -7.096e-03  7.299e-03 -9.492e-11 -4.089e-09  1.126e-09 -1.499e-09 
 -2.406e+00  2.546e+00 -2.865e-09 -6.687e-05 -1.499e-09  2.169e-05 
 PARAMETER  CORRELATION COEFFICIENTS  
       NO.  GLOBAL      1      2      3      4      5      6
        1  0.77283   1.000 -0.537 -0.042  0.734 -0.200 -0.489
        2  0.58062  -0.537  1.000  0.037 -0.535  0.136  0.341
        3  0.13177  -0.042  0.037  1.000 -0.076 -0.064 -0.014
        4  0.82761   0.734 -0.535 -0.076  1.000 -0.006 -0.654
        5  0.30829  -0.200  0.136 -0.064 -0.006  1.000 -0.010
        6  0.65807  -0.489  0.341 -0.014 -0.654 -0.010  1.000
Real time 0:00:26, CP time 0.040
Real time 0:00:26, CP time 0.040
 **********
 **    7 **SET ERR         0.5
 **********
 **********
 **    8 **SET PRINT           1
 **********
 **********
 **    9 **HESSE        3000
 **********
 COVARIANCE MATRIX CALCULATED SUCCESSFULLY
 FCN=-2.622e+07 FROM HESSE     STATUS=OK             52 CALLS         530 TOTAL
                     EDM=1.95125e-05    STRATEGY= 1      ERROR MATRIX ACCURATE 
  EXT PARAMETER                                INTERNAL      INTERNAL  
  NO.   NAME      VALUE            ERROR       STEP SIZE       VALUE   
   1  N_Bkg        2.78480e+05   1.12241e+03   1.80054e-04  -1.46520e+00
   2  N_Jpsi       1.53555e+06   1.58674e+03   3.69338e-04  -1.32232e+00
   3  m_{J/#Psi}   3.09027e+00   4.41090e-05   1.54892e-03  -5.73449e-02
   4  n_1_A        1.55051e+00   2.50519e-02   5.06272e-03  -7.04453e+00
   5  sigma_1_A    3.93525e-02   3.35786e-05   8.01581e-04  -3.51307e-01
   6  sl1         -7.31821e-02   5.00593e-03   1.23381e-02  -7.32476e-02
                               ERR DEF= 0.5
 EXTERNAL ERROR MATRIX.    NDIM=  25    NPAR=  6    ERR DEF=0.5
  1.260e+06 -9.816e+05 -2.197e-03  2.162e+01 -6.391e-03 -3.163e+00 
 -9.816e+05  2.518e+06  2.199e-03 -2.163e+01  6.387e-03  3.166e+00 
 -2.197e-03  2.199e-03  1.946e-09 -8.565e-08 -1.002e-10 -1.281e-10 
  2.162e+01 -2.163e+01 -8.565e-08  6.276e-04  1.706e-08 -8.980e-05 
 -6.391e-03  6.387e-03 -1.002e-10  1.706e-08  1.128e-09 -3.816e-09 
 -3.163e+00  3.166e+00 -1.281e-10 -8.980e-05 -3.816e-09  2.506e-05 
 PARAMETER  CORRELATION COEFFICIENTS  
       NO.  GLOBAL      1      2      3      4      5      6
        1  0.80171   1.000 -0.551 -0.044  0.769 -0.170 -0.563
        2  0.58721  -0.551  1.000  0.031 -0.544  0.120  0.399
        3  0.13023  -0.044  0.031  1.000 -0.078 -0.068 -0.001
        4  0.85594   0.769 -0.544 -0.078  1.000  0.020 -0.716
        5  0.30967  -0.170  0.120 -0.068  0.020  1.000 -0.023
        6  0.71877  -0.563  0.399 -0.001 -0.716 -0.023  1.000
Real time 0:00:02, CP time 0.000
Real time 0:00:29, CP time 0.040, 2 slices

********* Finished Mass Dist. Fit **************


  RooFitResult: minimized FCN value: -2.622e+07, estimated distance to minimum: 1.95125e-05
                covariance matrix quality: Full, accurate covariance matrix
                Status : MINIMIZE=0 HESSE=0 

    Floating Parameter    FinalValue +/-  Error   
  --------------------  --------------------------
                 N_Bkg    2.7848e+05 +/-  1.12e+03
                N_Jpsi    1.5355e+06 +/-  1.59e+03
            m_{J/#Psi}    3.0903e+00 +/-  4.41e-05
                 n_1_A    1.5505e+00 +/-  2.51e-02
             sigma_1_A    3.9352e-02 +/-  3.36e-05
                   sl1   -7.3182e-02 +/-  5.01e-03

 *** NLL : -26219994.5957944
Info in <TCanvas::Print>: pdf file figs/PRMC/Mass_Fixed_pt3.5-6.5_y1.6-2.4_muPt0.0_PRw_Effw0_Accw0_PtW0_TnP0.pdf has been created

Processing MassFit_FixPar_Data.C(6.5,9,1.6,2.4,1)...

[1mRooFit v3.60 -- Developed by Wouter Verkerke and David Kirkby[0m 
                Copyright (C) 2000-2013 NIKHEF, University of California & Stanford University
                All rights reserved, please read http://roofit.sourceforge.net/license.txt

l_cut: 0.0375
RooDataSet::dataset[mass,pt,y,pt1,pt2,eta1,eta2,weight,ctau3DRes,ctau3D,ctau3DErr,recoQQsign] = 8758896 entries
pt: 6.5-9, y: 1.6-2.4
####################################
******** New Combined Dataset ***********
RooRealVar::mass = 3.05039  L(2.6 - 3.5) // [GeV/c^{2}]
DataStore datasetW ( a dataset)
  Contains 668393 entries
  Observables: 
    1)  ctau3DRes = -0.371128  L(-100000 - 100000)  "c_{#tau}"
    2)     ctau3D = -0.0109586  L(-100000 - 100000) // [mm] "c_{#tau}"
    3)  ctau3DErr = 0.0295277  L(-100000 - 100000) // [mm] "#sigma_{c#tau}"
    4)       mass = 2.77294  L(1 - 6) // [GeV/c^{2}] "mass variable"
    5)         pt = 6.59486  L(0 - 100) // [GeV/c] "pt variable"
    6)          y = -1.73612  L(-5 - 5)  "rapidity of the dimuon pair"

********* Starting Mass Dist. Fit **************

 **********
 **    1 **SET PRINT           1
 **********
 **********
 **    2 **SET NOGRAD
 **********
 PARAMETER DEFINITIONS:
    NO.   NAME         VALUE      STEP SIZE      LIMITS
     1 N_Bkg        9.00000e+07  5.00000e+06    0.00000e+00  1.00000e+08
 MINUIT WARNING IN PARAM DEF
 ============== LIMITS ON PARAM1 TOO FAR APART.
 PARAMETER DEFINITIONS:
    NO.   NAME         VALUE      STEP SIZE      LIMITS
     2 N_Jpsi       9.00000e+07  5.00000e+06    0.00000e+00  1.00000e+08
 MINUIT WARNING IN PARAM DEF
 ============== LIMITS ON PARAM2 TOO FAR APART.
 PARAMETER DEFINITIONS:
    NO.   NAME         VALUE      STEP SIZE      LIMITS
     3 m_{J/#Psi}   3.09600e+00  2.00000e-02    2.99600e+00  3.19600e+00
     4 n_1_A        1.36537e+00  6.82684e-01    0.00000e+00  1.00000e+01
     5 sigma_1_A    3.83640e-02  1.20000e-02    0.00000e+00  1.20000e-01
     6 sl1          0.00000e+00  2.00000e-01   -1.00000e+00  1.00000e+00
 **********
 **    3 **SET ERR         0.5
 **********
 **********
 **    4 **SET PRINT           1
 **********
 **********
 **    5 **SET STR           1
 **********
 NOW USING STRATEGY  1: TRY TO BALANCE SPEED AGAINST RELIABILITY
 **********
 **    6 **MINIMIZE        3000           1
 **********
 FIRST CALL TO USER FUNCTION AT NEW START POINT, WITH IFLAG=4.
 START MIGRAD MINIMIZATION.  STRATEGY  1.  CONVERGENCE WHEN EDM .LT. 1.00e-03
 FCN=2.58924e+06 FROM MIGRAD    STATUS=INITIATE       71 CALLS          72 TOTAL
                     EDM= unknown      STRATEGY= 1      NO ERROR MATRIX       
  EXT PARAMETER               CURRENT GUESS       STEP         FIRST   
  NO.   NAME      VALUE            ERROR          SIZE      DERIVATIVE 
   1  N_Bkg        5.28259e+03   5.00000e+06   0.00000e+00  -5.96237e+05
   2  N_Jpsi       1.43221e+07   5.00000e+06  -1.72186e+00   3.34185e+07
   3  m_{J/#Psi}   3.09600e+00   2.00000e-02   0.00000e+00   1.22714e+05
   4  n_1_A        1.36537e+00   6.82684e-01   0.00000e+00   1.08312e+05
   5  sigma_1_A    3.83640e-02   1.20000e-02   0.00000e+00  -2.11322e+05
   6  sl1          0.00000e+00   2.00000e-01   0.00000e+00  -7.35025e+03
                               ERR DEF= 0.5
 MIGRAD MINIMIZATION HAS CONVERGED.
 FCN=-9.09731e+06 FROM MIGRAD    STATUS=CONVERGED     193 CALLS         194 TOTAL
                     EDM=5.32767e-05    STRATEGY= 1  ERROR MATRIX UNCERTAINTY   0.7 per cent
  EXT PARAMETER                                   STEP         FIRST   
  NO.   NAME      VALUE            ERROR          SIZE      DERIVATIVE 
   1  N_Bkg        3.09295e+04   2.59391e+02  -3.15579e-06  -5.88002e+00
   2  N_Jpsi       6.37461e+05   8.18864e+02  -5.55878e-06   4.04698e+01
   3  m_{J/#Psi}   3.09021e+00   6.70571e-05  -3.22481e-05   2.45768e+00
   4  n_1_A        5.83951e-01   3.08666e-03  -2.48283e-05   7.55584e-01
   5  sigma_1_A    4.00903e-02   5.23340e-05   1.04597e-04  -5.23276e+00
   6  sl1          9.99999e-01   8.49778e-05   3.22641e-05  -6.05339e-01
                               ERR DEF= 0.5
 EXTERNAL ERROR MATRIX.    NDIM=  25    NPAR=  6    ERR DEF=0.5
  6.728e+04  3.639e+04 -9.074e-04 -9.141e-02 -2.971e-03  3.531e-04 
  3.639e+04  6.705e+05 -1.038e-03 -7.172e-02 -3.059e-03 -3.618e-04 
 -9.074e-04 -1.038e-03  4.497e-09  1.872e-08 -3.256e-10 -3.966e-11 
 -9.141e-02 -7.172e-02  1.872e-08  9.527e-06 -1.705e-09  1.328e-09 
 -2.971e-03 -3.059e-03 -3.256e-10 -1.705e-09  2.739e-09  5.067e-12 
  3.531e-04 -3.618e-04 -3.966e-11  1.328e-09  5.067e-12  4.398e-10 
 PARAMETER  CORRELATION COEFFICIENTS  
       NO.  GLOBAL      1      2      3      4      5      6
        1  0.30516   1.000  0.171 -0.052 -0.114 -0.219  0.065
        2  0.17840   0.171  1.000 -0.019 -0.028 -0.071 -0.021
        3  0.14679  -0.052 -0.019  1.000  0.090 -0.093 -0.028
        4  0.14817  -0.114 -0.028  0.090  1.000 -0.011  0.021
        5  0.24704  -0.219 -0.071 -0.093 -0.011  1.000  0.005
        6  0.08419   0.065 -0.021 -0.028  0.021  0.005  1.000
Real time 0:00:04, CP time 0.020
Real time 0:00:04, CP time 0.020
 **********
 **    7 **SET ERR         0.5
 **********
 **********
 **    8 **SET PRINT           1
 **********
 **********
 **    9 **HESSE        3000
 **********
 MINUIT WARNING IN HESSE   
 ============== Negative diagonal element 6 in Error Matrix
 MINUIT WARNING IN HESSE   
 ============== 391.063 added to diagonal of error matrix
 EIGENVALUES OF SECOND-DERIVATIVE MATRIX:
        -2.6526e+00  8.0687e-01  9.7313e-01  1.0652e+00  1.2529e+00  4.5544e+00
 MINUIT WARNING IN HESSE   
 ============== MATRIX FORCED POS-DEF BY ADDING 2.657153 TO DIAGONAL.
 FCN=-9.09731e+06 FROM HESSE     STATUS=NOT POSDEF     50 CALLS         244 TOTAL
                     EDM=45.061    STRATEGY= 1      ERR MATRIX NOT POS-DEF
  EXT PARAMETER                APPROXIMATE     INTERNAL      INTERNAL  
  NO.   NAME      VALUE            ERROR       STEP SIZE       VALUE   
   1  N_Bkg        3.09295e+04   1.88660e+03   2.94038e-04  -1.53562e+00
   2  N_Jpsi       6.37461e+05   1.29300e+03   2.11513e-04  -1.73065e+00
   3  m_{J/#Psi}   3.09021e+00   5.33961e-05   1.39483e-03  -5.79620e-02
   4  n_1_A        5.83951e-01   2.24608e-02   2.79136e-03  -2.05893e+00
   5  sigma_1_A    4.00903e-02   4.43059e-05   1.86848e-03  -3.38241e-01
   6  sl1          9.99999e-01   1.78481e+00   1.05704e-01   1.57241e+00
                               ERR DEF= 0.5
 EXTERNAL ERROR MATRIX.    NDIM=  25    NPAR=  6    ERR DEF=0.5
  3.559e+06  2.302e+06  7.586e-02 -4.217e+01  6.647e-02  3.146e+01 
  2.302e+06  1.672e+06  4.925e-02 -2.737e+01  4.315e-02  2.042e+01 
  7.586e-02  4.925e-02  2.851e-09 -9.028e-07  1.405e-09  6.743e-07 
 -4.217e+01 -2.737e+01 -9.028e-07  5.045e-04 -7.939e-07 -3.745e-04 
  6.647e-02  4.315e-02  1.405e-09 -7.939e-07  1.963e-09  5.922e-07 
  3.146e+01  2.042e+01  6.743e-07 -3.745e-04  5.922e-07  2.794e-04 
ERR MATRIX NOT POS-DEF
 PARAMETER  CORRELATION COEFFICIENTS  
       NO.  GLOBAL      1      2      3      4      5      6
        1  0.99763   1.000  0.944  0.753 -0.995  0.795  0.998
        2  0.94507   0.944  1.000  0.713 -0.943  0.753  0.945
        3  0.75585   0.753  0.713  1.000 -0.753  0.594  0.756
        4  0.99732  -0.995 -0.943 -0.753  1.000 -0.798 -0.997
        5  0.80053   0.795  0.753  0.594 -0.798  1.000  0.800
        6  0.99873   0.998  0.945  0.756 -0.997  0.800  1.000
 ERR MATRIX NOT POS-DEF
Real time 0:00:00, CP time 0.000
Real time 0:00:05, CP time 0.020, 2 slices

********* Finished Mass Dist. Fit **************


  RooFitResult: minimized FCN value: -9.09731e+06, estimated distance to minimum: 45.061
                covariance matrix quality: Full matrix, but forced positive-definite
                Status : MINIMIZE=0 HESSE=0 

    Floating Parameter    FinalValue +/-  Error   
  --------------------  --------------------------
                 N_Bkg    3.0929e+04 +/-  1.89e+03
                N_Jpsi    6.3746e+05 +/-  1.29e+03
            m_{J/#Psi}    3.0902e+00 +/-  5.34e-05
                 n_1_A    5.8395e-01 +/-  2.25e-02
             sigma_1_A    4.0090e-02 +/-  4.43e-05
                   sl1    1.0000e+00 +/-  1.78e+00

 *** NLL : -9097308.00671737
Info in <TCanvas::Print>: pdf file figs/PRMC/Mass_Fixed_pt6.5-9.0_y1.6-2.4_muPt0.0_PRw_Effw0_Accw0_PtW0_TnP0.pdf has been created

Processing MassFit_FixPar_Data.C(9,12,1.6,2.4,1)...

[1mRooFit v3.60 -- Developed by Wouter Verkerke and David Kirkby[0m 
                Copyright (C) 2000-2013 NIKHEF, University of California & Stanford University
                All rights reserved, please read http://roofit.sourceforge.net/license.txt

l_cut: 0.0325
RooDataSet::dataset[mass,pt,y,pt1,pt2,eta1,eta2,weight,ctau3DRes,ctau3D,ctau3DErr,recoQQsign] = 8758896 entries
pt: 9-12, y: 1.6-2.4
####################################
******** New Combined Dataset ***********
RooRealVar::mass = 3.05039  L(2.6 - 3.5) // [GeV/c^{2}]
DataStore datasetW ( a dataset)
  Contains 248705 entries
  Observables: 
    1)  ctau3DRes = -0.0894246  L(-100000 - 100000)  "c_{#tau}"
    2)     ctau3D = -0.00232405  L(-100000 - 100000) // [mm] "c_{#tau}"
    3)  ctau3DErr = 0.025989  L(-100000 - 100000) // [mm] "#sigma_{c#tau}"
    4)       mass = 3.0682  L(1 - 6) // [GeV/c^{2}] "mass variable"
    5)         pt = 9.19073  L(0 - 100) // [GeV/c] "pt variable"
    6)          y = 1.68769  L(-5 - 5)  "rapidity of the dimuon pair"

********* Starting Mass Dist. Fit **************

 **********
 **    1 **SET PRINT           1
 **********
 **********
 **    2 **SET NOGRAD
 **********
 PARAMETER DEFINITIONS:
    NO.   NAME         VALUE      STEP SIZE      LIMITS
     1 N_Bkg        9.00000e+07  5.00000e+06    0.00000e+00  1.00000e+08
 MINUIT WARNING IN PARAM DEF
 ============== LIMITS ON PARAM1 TOO FAR APART.
 PARAMETER DEFINITIONS:
    NO.   NAME         VALUE      STEP SIZE      LIMITS
     2 N_Jpsi       9.00000e+07  5.00000e+06    0.00000e+00  1.00000e+08
 MINUIT WARNING IN PARAM DEF
 ============== LIMITS ON PARAM2 TOO FAR APART.
 PARAMETER DEFINITIONS:
    NO.   NAME         VALUE      STEP SIZE      LIMITS
     3 m_{J/#Psi}   3.09600e+00  2.00000e-02    2.99600e+00  3.19600e+00
     4 n_1_A        1.22283e+00  6.11414e-01    0.00000e+00  1.00000e+01
     5 sigma_1_A    3.98782e-02  1.20000e-02    0.00000e+00  1.20000e-01
     6 sl1          0.00000e+00  2.00000e-01   -1.00000e+00  1.00000e+00
 **********
 **    3 **SET ERR         0.5
 **********
 **********
 **    4 **SET PRINT           1
 **********
 **********
 **    5 **SET STR           1
 **********
 NOW USING STRATEGY  1: TRY TO BALANCE SPEED AGAINST RELIABILITY
 **********
 **    6 **MINIMIZE        3000           1
 **********
 FIRST CALL TO USER FUNCTION AT NEW START POINT, WITH IFLAG=4.
 START MIGRAD MINIMIZATION.  STRATEGY  1.  CONVERGENCE WHEN EDM .LT. 1.00e-03
 FCN=9.94254e+06 FROM MIGRAD    STATUS=INITIATE       69 CALLS          70 TOTAL
                     EDM= unknown      STRATEGY= 1      NO ERROR MATRIX       
  EXT PARAMETER               CURRENT GUESS       STEP         FIRST   
  NO.   NAME      VALUE            ERROR          SIZE      DERIVATIVE 
   1  N_Bkg        3.92461e+03   5.00000e+06   0.00000e+00   2.31342e+05
   2  N_Jpsi       1.43221e+07   5.00000e+06  -1.72186e+00   3.44275e+07
   3  m_{J/#Psi}   3.09600e+00   2.00000e-02   0.00000e+00   4.64396e+04
   4  n_1_A        1.22283e+00   6.11414e-01   0.00000e+00   3.55538e+04
   5  sigma_1_A    3.98782e-02   1.20000e-02   0.00000e+00  -7.42832e+04
   6  sl1          0.00000e+00   2.00000e-01   0.00000e+00  -1.95812e+03
                               ERR DEF= 0.5
 MIGRAD FAILS TO FIND IMPROVEMENT
 MIGRAD MINIMIZATION HAS CONVERGED.
 MIGRAD WILL VERIFY CONVERGENCE AND ERROR MATRIX.
 COVARIANCE MATRIX CALCULATED SUCCESSFULLY
 FCN=-3.14955e+06 FROM MIGRAD    STATUS=CONVERGED     459 CALLS         460 TOTAL
                     EDM=0.000844686    STRATEGY= 1      ERROR MATRIX ACCURATE 
  EXT PARAMETER                                   STEP         FIRST   
  NO.   NAME      VALUE            ERROR          SIZE      DERIVATIVE 
   1  N_Bkg        2.01900e+04   3.84049e+02   1.66075e-04   3.16821e+01
   2  N_Jpsi       2.28519e+05   5.97131e+02   1.25234e-04  -7.25657e+01
   3  m_{J/#Psi}   3.09030e+00   1.08332e-04   1.32057e-03   1.34823e+01
   4  n_1_A        1.35072e+00   6.58289e-02   1.02167e-02  -4.40536e-01
   5  sigma_1_A    4.17868e-02   8.71392e-05   1.79703e-03  -4.83631e+00
   6  sl1         -1.91045e-01   2.13166e-02   1.63208e-02  -6.18764e-01
                               ERR DEF= 0.5
 EXTERNAL ERROR MATRIX.    NDIM=  25    NPAR=  6    ERR DEF=0.5
  1.475e+05  1.277e+05 -2.145e-03 -2.145e+01 -4.572e-03 -5.606e+00 
  1.277e+05  3.566e+05 -2.153e-03 -2.152e+01 -4.580e-03 -5.625e+00 
 -2.145e-03 -2.153e-03  1.174e-08  5.355e-07 -5.314e-10  3.816e-08 
 -2.145e+01 -2.152e+01  5.355e-07  4.334e-03 -1.055e-08  1.106e-03 
 -4.572e-03 -4.580e-03 -5.314e-10 -1.055e-08  7.593e-09 -1.971e-08 
 -5.606e+00 -5.625e+00  3.816e-08  1.106e-03 -1.971e-08  4.545e-04 
 PARAMETER  CORRELATION COEFFICIENTS  
       NO.  GLOBAL      1      2      3      4      5      6
        1  0.86530   1.000  0.557 -0.052 -0.848 -0.137 -0.685
        2  0.57641   0.557  1.000 -0.033 -0.547 -0.088 -0.442
        3  0.11718  -0.052 -0.033  1.000  0.075 -0.056  0.017
        4  0.90107  -0.848 -0.547  0.075  1.000 -0.002  0.788
        5  0.27289  -0.137 -0.088 -0.056 -0.002  1.000 -0.011
        6  0.79005  -0.685 -0.442  0.017  0.788 -0.011  1.000
Real time 0:00:03, CP time 0.020
Real time 0:00:03, CP time 0.020
 **********
 **    7 **SET ERR         0.5
 **********
 **********
 **    8 **SET PRINT           1
 **********
 **********
 **    9 **HESSE        3000
 **********
 COVARIANCE MATRIX CALCULATED SUCCESSFULLY
 FCN=-3.14955e+06 FROM HESSE     STATUS=OK             40 CALLS         500 TOTAL
                     EDM=0.000793931    STRATEGY= 1      ERROR MATRIX ACCURATE 
  EXT PARAMETER                                INTERNAL      INTERNAL  
  NO.   NAME      VALUE            ERROR       STEP SIZE       VALUE   
   1  N_Bkg        2.01900e+04   3.66267e+02   3.32149e-05  -1.54238e+00
   2  N_Jpsi       2.28519e+05   5.85330e+02   2.50469e-05  -1.66644e+00
   3  m_{J/#Psi}   3.09030e+00   1.08310e-04   2.64114e-04  -5.70270e-02
   4  n_1_A        1.35072e+00   6.22108e-02   4.08670e-04  -2.32348e+00
   5  sigma_1_A    4.17868e-02   8.71630e-05   7.18814e-05  -3.08419e-01
   6  sl1         -1.91045e-01   2.03143e-02   6.52832e-04  -1.92227e-01
                               ERR DEF= 0.5
 EXTERNAL ERROR MATRIX.    NDIM=  25    NPAR=  6    ERR DEF=0.5
  1.342e+05  1.140e+05 -1.846e-03 -1.895e+01 -4.530e-03 -4.854e+00 
  1.140e+05  3.426e+05 -1.847e-03 -1.896e+01 -4.532e-03 -4.857e+00 
 -1.846e-03 -1.847e-03  1.173e-08  4.809e-07 -5.481e-10  2.152e-08 
 -1.895e+01 -1.896e+01  4.809e-07  3.871e-03 -2.299e-08  9.648e-04 
 -4.530e-03 -4.532e-03 -5.481e-10 -2.299e-08  7.597e-09 -2.353e-08 
 -4.854e+00 -4.857e+00  2.152e-08  9.648e-04 -2.353e-08  4.127e-04 
 PARAMETER  CORRELATION COEFFICIENTS  
       NO.  GLOBAL      1      2      3      4      5      6
        1  0.85073   1.000  0.532 -0.047 -0.832 -0.142 -0.652
        2  0.55232   0.532  1.000 -0.029 -0.521 -0.089 -0.408
        3  0.11559  -0.047 -0.029  1.000  0.071 -0.058  0.010
        4  0.88839  -0.832 -0.521  0.071  1.000 -0.004  0.763
        5  0.27417  -0.142 -0.089 -0.058 -0.004  1.000 -0.013
        6  0.76562  -0.652 -0.408  0.010  0.763 -0.013  1.000
Real time 0:00:00, CP time 0.010
Real time 0:00:03, CP time 0.030, 2 slices

********* Finished Mass Dist. Fit **************


  RooFitResult: minimized FCN value: -3.14955e+06, estimated distance to minimum: 0.000793931
                covariance matrix quality: Full, accurate covariance matrix
                Status : MINIMIZE=0 HESSE=0 

    Floating Parameter    FinalValue +/-  Error   
  --------------------  --------------------------
                 N_Bkg    2.0190e+04 +/-  3.66e+02
                N_Jpsi    2.2852e+05 +/-  5.85e+02
            m_{J/#Psi}    3.0903e+00 +/-  1.08e-04
                 n_1_A    1.3507e+00 +/-  6.22e-02
             sigma_1_A    4.1787e-02 +/-  8.72e-05
                   sl1   -1.9105e-01 +/-  2.03e-02

 *** NLL : -3149549.79350676
Info in <TCanvas::Print>: pdf file figs/PRMC/Mass_Fixed_pt9.0-12.0_y1.6-2.4_muPt0.0_PRw_Effw0_Accw0_PtW0_TnP0.pdf has been created

Processing MassFit_FixPar_Data.C(12,40,1.6,2.4,1)...

[1mRooFit v3.60 -- Developed by Wouter Verkerke and David Kirkby[0m 
                Copyright (C) 2000-2013 NIKHEF, University of California & Stanford University
                All rights reserved, please read http://roofit.sourceforge.net/license.txt

l_cut: 0.0245
RooDataSet::dataset[mass,pt,y,pt1,pt2,eta1,eta2,weight,ctau3DRes,ctau3D,ctau3DErr,recoQQsign] = 8758896 entries
pt: 12-40, y: 1.6-2.4
####################################
******** New Combined Dataset ***********
RooRealVar::mass = 3.05039  L(2.6 - 3.5) // [GeV/c^{2}]
DataStore datasetW ( a dataset)
  Contains 111262 entries
  Observables: 
    1)  ctau3DRes = -0.858597  L(-100000 - 100000)  "c_{#tau}"
    2)     ctau3D = -0.010388  L(-100000 - 100000) // [mm] "c_{#tau}"
    3)  ctau3DErr = 0.0120988  L(-100000 - 100000) // [mm] "#sigma_{c#tau}"
    4)       mass = 3.16026  L(1 - 6) // [GeV/c^{2}] "mass variable"
    5)         pt = 35.1193  L(0 - 100) // [GeV/c] "pt variable"
    6)          y = 1.70505  L(-5 - 5)  "rapidity of the dimuon pair"

********* Starting Mass Dist. Fit **************

 **********
 **    1 **SET PRINT           1
 **********
 **********
 **    2 **SET NOGRAD
 **********
 PARAMETER DEFINITIONS:
    NO.   NAME         VALUE      STEP SIZE      LIMITS
     1 N_Bkg        9.00000e+07  5.00000e+06    0.00000e+00  1.00000e+08
 MINUIT WARNING IN PARAM DEF
 ============== LIMITS ON PARAM1 TOO FAR APART.
 PARAMETER DEFINITIONS:
    NO.   NAME         VALUE      STEP SIZE      LIMITS
     2 N_Jpsi       9.00000e+07  5.00000e+06    0.00000e+00  1.00000e+08
 MINUIT WARNING IN PARAM DEF
 ============== LIMITS ON PARAM2 TOO FAR APART.
 PARAMETER DEFINITIONS:
    NO.   NAME         VALUE      STEP SIZE      LIMITS
     3 m_{J/#Psi}   3.09600e+00  2.00000e-02    2.99600e+00  3.19600e+00
     4 n_1_A        1.32848e+00  6.64240e-01    0.00000e+00  1.00000e+01
     5 sigma_1_A    3.56489e-02  1.20000e-02    0.00000e+00  1.20000e-01
     6 sl1          0.00000e+00  2.00000e-01   -1.00000e+00  1.00000e+00
 **********
 **    3 **SET ERR         0.5
 **********
 **********
 **    4 **SET PRINT           1
 **********
 **********
 **    5 **SET STR           1
 **********
 NOW USING STRATEGY  1: TRY TO BALANCE SPEED AGAINST RELIABILITY
 **********
 **    6 **MINIMIZE        3000           1
 **********
 FIRST CALL TO USER FUNCTION AT NEW START POINT, WITH IFLAG=4.
 START MIGRAD MINIMIZATION.  STRATEGY  1.  CONVERGENCE WHEN EDM .LT. 1.00e-03
 FCN=1.2375e+07 FROM MIGRAD    STATUS=INITIATE       67 CALLS          68 TOTAL
                     EDM= unknown      STRATEGY= 1      NO ERROR MATRIX       
  EXT PARAMETER               CURRENT GUESS       STEP         FIRST   
  NO.   NAME      VALUE            ERROR          SIZE      DERIVATIVE 
   1  N_Bkg        3.61634e+03   5.00000e+06   0.00000e+00   3.24231e+05
   2  N_Jpsi       1.43221e+07   5.00000e+06  -1.72186e+00   3.47617e+07
   3  m_{J/#Psi}   3.09600e+00   2.00000e-02   0.00000e+00   2.16463e+04
   4  n_1_A        1.32848e+00   6.64240e-01   0.00000e+00   1.91547e+04
   5  sigma_1_A    3.56489e-02   1.20000e-02   0.00000e+00  -4.04703e+04
   6  sl1          0.00000e+00   2.00000e-01   0.00000e+00  -1.29783e+03
                               ERR DEF= 0.5
 MIGRAD FAILS TO FIND IMPROVEMENT
 MIGRAD MINIMIZATION HAS CONVERGED.
 FCN=-1.31396e+06 FROM MIGRAD    STATUS=CONVERGED     285 CALLS         286 TOTAL
                     EDM=0.000192666    STRATEGY= 1  ERROR MATRIX UNCERTAINTY   3.5 per cent
  EXT PARAMETER                                   STEP         FIRST   
  NO.   NAME      VALUE            ERROR          SIZE      DERIVATIVE 
   1  N_Bkg        1.14793e+04   2.44250e+02   0.00000e+00   5.98874e+01
   2  N_Jpsi       9.97825e+04   3.81734e+02   0.00000e+00   2.94766e+01
   3  m_{J/#Psi}   3.08950e+00   1.63715e-04  -0.00000e+00   6.21770e-01
   4  n_1_A        1.49632e+00   1.05649e-01  -0.00000e+00   1.12445e+00
   5  sigma_1_A    3.65110e-02   1.17526e-04   0.00000e+00  -1.37738e+00
   6  sl1         -1.83491e-01   2.30139e-02  -0.00000e+00  -5.51024e-01
                               ERR DEF= 0.5
 EXTERNAL ERROR MATRIX.    NDIM=  25    NPAR=  6    ERR DEF=0.5
  5.966e+04  4.566e+04 -2.619e-03 -2.036e+01 -4.919e-03 -3.133e+00 
  4.566e+04  1.457e+05 -2.856e-03 -1.951e+01 -4.433e-03 -2.940e+00 
 -2.619e-03 -2.856e-03  2.680e-08  1.674e-06 -1.151e-09  1.019e-07 
 -2.036e+01 -1.951e+01  1.674e-06  1.116e-02 -2.912e-08  1.694e-03 
 -4.919e-03 -4.433e-03 -1.151e-09 -2.912e-08  1.381e-08 -4.126e-08 
 -3.133e+00 -2.940e+00  1.019e-07  1.694e-03 -4.126e-08  5.297e-04 
 PARAMETER  CORRELATION COEFFICIENTS  
       NO.  GLOBAL      1      2      3      4      5      6
        1  0.81463   1.000  0.490 -0.066 -0.789 -0.171 -0.557
        2  0.51742   0.490  1.000 -0.046 -0.484 -0.099 -0.335
        3  0.12746  -0.066 -0.046  1.000  0.097 -0.060  0.027
        4  0.85874  -0.789 -0.484  0.097  1.000 -0.002  0.697
        5  0.29442  -0.171 -0.099 -0.060 -0.002  1.000 -0.015
        6  0.69820  -0.557 -0.335  0.027  0.697 -0.015  1.000
Real time 0:00:01, CP time 0.020
Real time 0:00:01, CP time 0.020
 **********
 **    7 **SET ERR         0.5
 **********
 **********
 **    8 **SET PRINT           1
 **********
 **********
 **    9 **HESSE        3000
 **********
 COVARIANCE MATRIX CALCULATED SUCCESSFULLY
 FCN=-1.31396e+06 FROM HESSE     STATUS=OK             44 CALLS         330 TOTAL
                     EDM=0.000590939    STRATEGY= 1      ERROR MATRIX ACCURATE 
  EXT PARAMETER                                INTERNAL      INTERNAL  
  NO.   NAME      VALUE            ERROR       STEP SIZE       VALUE   
   1  N_Bkg        1.14793e+04   2.46398e+02   1.03036e-04  -1.54937e+00
   2  N_Jpsi       9.97825e+04   3.86360e+02   8.11290e-05  -1.63398e+00
   3  m_{J/#Psi}   3.08950e+00   1.65389e-04   1.30265e-03  -6.50819e-02
   4  n_1_A        1.49632e+00   1.08418e-01   1.18382e-02  -2.36516e+00
   5  sigma_1_A    3.65110e-02   1.17041e-04   1.60786e-03  -4.02244e-01
   6  sl1         -1.83491e-01   2.51183e-02   1.37981e-02  -1.84536e-01
                               ERR DEF= 0.5
 EXTERNAL ERROR MATRIX.    NDIM=  25    NPAR=  6    ERR DEF=0.5
  6.071e+04  4.937e+04 -2.164e-03 -2.139e+01 -4.340e-03 -3.676e+00 
  4.937e+04  1.493e+05 -2.172e-03 -2.146e+01 -4.347e-03 -3.688e+00 
 -2.164e-03 -2.172e-03  2.735e-08  1.435e-06 -9.473e-10  3.659e-08 
 -2.139e+01 -2.146e+01  1.435e-06  1.176e-02 -2.050e-07  1.986e-03 
 -4.340e-03 -4.347e-03 -9.473e-10 -2.050e-07  1.370e-08 -7.831e-08 
 -3.676e+00 -3.688e+00  3.659e-08  1.986e-03 -7.831e-08  6.311e-04 
 PARAMETER  CORRELATION COEFFICIENTS  
       NO.  GLOBAL      1      2      3      4      5      6
        1  0.82442   1.000  0.519 -0.053 -0.801 -0.150 -0.594
        2  0.54634   0.519  1.000 -0.034 -0.512 -0.096 -0.380
        3  0.11861  -0.053 -0.034  1.000  0.080 -0.049  0.009
        4  0.87053  -0.801 -0.512  0.080  1.000 -0.016  0.729
        5  0.28605  -0.150 -0.096 -0.049 -0.016  1.000 -0.027
        6  0.73124  -0.594 -0.380  0.009  0.729 -0.027  1.000
Real time 0:00:00, CP time 0.000
Real time 0:00:01, CP time 0.020, 2 slices

********* Finished Mass Dist. Fit **************


  RooFitResult: minimized FCN value: -1.31396e+06, estimated distance to minimum: 0.000590939
                covariance matrix quality: Full, accurate covariance matrix
                Status : MINIMIZE=0 HESSE=0 

    Floating Parameter    FinalValue +/-  Error   
  --------------------  --------------------------
                 N_Bkg    1.1479e+04 +/-  2.46e+02
                N_Jpsi    9.9783e+04 +/-  3.86e+02
            m_{J/#Psi}    3.0895e+00 +/-  1.65e-04
                 n_1_A    1.4963e+00 +/-  1.08e-01
             sigma_1_A    3.6511e-02 +/-  1.17e-04
                   sl1   -1.8349e-01 +/-  2.51e-02

 *** NLL : -1313956.43430274
Info in <TCanvas::Print>: pdf file figs/PRMC/Mass_Fixed_pt12.0-40.0_y1.6-2.4_muPt0.0_PRw_Effw0_Accw0_PtW0_TnP0.pdf has been created

Processing MassFit_FixPar_Data.C(3.5,40,1.6,2.4,1)...

[1mRooFit v3.60 -- Developed by Wouter Verkerke and David Kirkby[0m 
                Copyright (C) 2000-2013 NIKHEF, University of California & Stanford University
                All rights reserved, please read http://roofit.sourceforge.net/license.txt

l_cut: 0.0365
RooDataSet::dataset[mass,pt,y,pt1,pt2,eta1,eta2,weight,ctau3DRes,ctau3D,ctau3DErr,recoQQsign] = 8758896 entries
pt: 3.5-40, y: 1.6-2.4
####################################
******** New Combined Dataset ***********
RooRealVar::mass = 3.05039  L(2.6 - 3.5) // [GeV/c^{2}]
DataStore datasetW ( a dataset)
  Contains 2719464 entries
  Observables: 
    1)  ctau3DRes = 0.848184  L(-100000 - 100000)  "c_{#tau}"
    2)     ctau3D = 0.0300638  L(-100000 - 100000) // [mm] "c_{#tau}"
    3)  ctau3DErr = 0.035445  L(-100000 - 100000) // [mm] "#sigma_{c#tau}"
    4)       mass = 3.05039  L(1 - 6) // [GeV/c^{2}] "mass variable"
    5)         pt = 4.28663  L(0 - 100) // [GeV/c] "pt variable"
    6)          y = -1.92495  L(-5 - 5)  "rapidity of the dimuon pair"

********* Starting Mass Dist. Fit **************

 **********
 **    1 **SET PRINT           1
 **********
 **********
 **    2 **SET NOGRAD
 **********
 PARAMETER DEFINITIONS:
    NO.   NAME         VALUE      STEP SIZE      LIMITS
     1 N_Bkg        9.00000e+07  5.00000e+06    0.00000e+00  1.00000e+08
 MINUIT WARNING IN PARAM DEF
 ============== LIMITS ON PARAM1 TOO FAR APART.
 PARAMETER DEFINITIONS:
    NO.   NAME         VALUE      STEP SIZE      LIMITS
     2 N_Jpsi       9.00000e+07  5.00000e+06    0.00000e+00  1.00000e+08
 MINUIT WARNING IN PARAM DEF
 ============== LIMITS ON PARAM2 TOO FAR APART.
 PARAMETER DEFINITIONS:
    NO.   NAME         VALUE      STEP SIZE      LIMITS
     3 m_{J/#Psi}   3.09600e+00  2.00000e-02    2.99600e+00  3.19600e+00
     4 n_1_A        1.42412e+00  7.12061e-01    0.00000e+00  1.00000e+01
     5 sigma_1_A    3.74867e-02  1.20000e-02    0.00000e+00  1.20000e-01
     6 sl1          0.00000e+00  2.00000e-01   -1.00000e+00  1.00000e+00
 **********
 **    3 **SET ERR         0.5
 **********
 **********
 **    4 **SET PRINT           1
 **********
 **********
 **    5 **SET STR           1
 **********
 NOW USING STRATEGY  1: TRY TO BALANCE SPEED AGAINST RELIABILITY
 **********
 **    6 **MINIMIZE        3000           1
 **********
 FIRST CALL TO USER FUNCTION AT NEW START POINT, WITH IFLAG=4.
 START MIGRAD MINIMIZATION.  STRATEGY  1.  CONVERGENCE WHEN EDM .LT. 1.00e-03
 FCN=-3.30452e+07 FROM MIGRAD    STATUS=INITIATE       73 CALLS          74 TOTAL
                     EDM= unknown      STRATEGY= 1      NO ERROR MATRIX       
  EXT PARAMETER               CURRENT GUESS       STEP         FIRST   
  NO.   NAME      VALUE            ERROR          SIZE      DERIVATIVE 
   1  N_Bkg        1.52933e+04   5.00000e+06   0.00000e+00  -4.33586e+06
   2  N_Jpsi       1.43221e+07   5.00000e+06  -1.72186e+00   2.85469e+07
   3  m_{J/#Psi}   3.09600e+00   2.00000e-02   0.00000e+00   4.68508e+05
   4  n_1_A        1.42412e+00   7.12061e-01   0.00000e+00   5.55113e+05
   5  sigma_1_A    3.74867e-02   1.20000e-02   0.00000e+00  -1.05986e+06
   6  sl1          0.00000e+00   2.00000e-01   0.00000e+00  -4.71779e+04
