
[1mRooFit v3.60 -- Developed by Wouter Verkerke and David Kirkby[0m 
                Copyright (C) 2000-2013 NIKHEF, University of California & Stanford University
                All rights reserved, please read http://roofit.sourceforge.net/license.txt


Processing MassFit_FixPar_Data.C(3.5,6.5,1.6,2.4,0,180,1)...

[1mRooFit v3.60 -- Developed by Wouter Verkerke and David Kirkby[0m 
                Copyright (C) 2000-2013 NIKHEF, University of California & Stanford University
                All rights reserved, please read http://roofit.sourceforge.net/license.txt

l_cut: 0.0885
RooDataSet::dataset[mass,pt,y,pt1,pt2,eta1,eta2,weight,cBin,recoQQsign,NumDimu,ctau3D,ctau3DErr,ctau3DRes,ctau3D2S,ctau3DErr2S,ctau3DRes2S] = 638945 entries
pt: 3.5-6.5, y: 1.6-2.4, Cent: 0-180%
####################################
******** New Combined Dataset ***********
RooRealVar::mass = 3.41342  L(3.3 - 4.1) // [GeV/c^{2}]
sigma lower : 0	sigma higher : 0.14
psi 2S MASS : 3.686

********* Starting Mass Dist. Fit **************

 **********
 **    1 **SET PRINT           1
 **********
 **********
 **    2 **SET NOGRAD
 **********
 PARAMETER DEFINITIONS:
    NO.   NAME         VALUE      STEP SIZE      LIMITS
     1 N_Bkg        8.25000e+04  1.65000e+04    0.00000e+00  1.65000e+05
     2 N_Jpsi       5.00500e+03  9.99000e+02    1.00000e+01  1.00000e+04
     3 m_{J/#Psi}   3.68600e+00  2.00000e-02    3.58600e+00  3.78600e+00
     4 sigma_1_A    4.81468e-02  1.40000e-02    0.00000e+00  1.40000e-01
     5 sl1          0.00000e+00  2.00000e-01   -1.00000e+00  1.00000e+00
     6 sl2          0.00000e+00  2.00000e-01   -1.00000e+00  1.00000e+00
 **********
 **    3 **SET ERR         0.5
 **********
 **********
 **    4 **SET PRINT           1
 **********
 **********
 **    5 **SET STR           1
 **********
 NOW USING STRATEGY  1: TRY TO BALANCE SPEED AGAINST RELIABILITY
 **********
 **    6 **MIGRAD        3000           1
 **********
 FIRST CALL TO USER FUNCTION AT NEW START POINT, WITH IFLAG=4.
 START MIGRAD MINIMIZATION.  STRATEGY  1.  CONVERGENCE WHEN EDM .LT. 1.00e-03
 FCN=-2.23157e+06 FROM MIGRAD    STATUS=INITIATE       26 CALLS          27 TOTAL
                     EDM= unknown      STRATEGY= 1      NO ERROR MATRIX       
  EXT PARAMETER               CURRENT GUESS       STEP         FIRST   
  NO.   NAME      VALUE            ERROR          SIZE      DERIVATIVE 
   1  N_Bkg        8.25000e+04   1.65000e+04   2.01358e-01  -1.07271e+05
   2  N_Jpsi       5.00500e+03   9.99000e+02   2.01358e-01  -5.14368e+03
   3  m_{J/#Psi}   3.68600e+00   2.00000e-02   2.01358e-01   3.16043e+02
   4  sigma_1_A    4.81468e-02   1.40000e-02   2.12653e-01  -1.28474e+03
   5  sl1          0.00000e+00   2.00000e-01   2.01358e-01   5.62284e+03
   6  sl2          0.00000e+00   2.00000e-01   2.01358e-01  -4.35037e+03
                               ERR DEF= 0.5
 MIGRAD MINIMIZATION HAS CONVERGED.
 MIGRAD WILL VERIFY CONVERGENCE AND ERROR MATRIX.
 COVARIANCE MATRIX CALCULATED SUCCESSFULLY
 FCN=-2.28316e+06 FROM MIGRAD    STATUS=CONVERGED     217 CALLS         218 TOTAL
                     EDM=0.000219019    STRATEGY= 1      ERROR MATRIX ACCURATE 
  EXT PARAMETER                                   STEP         FIRST   
  NO.   NAME      VALUE            ERROR          SIZE      DERIVATIVE 
   1  N_Bkg        1.65000e+05   3.42701e+00   9.51045e-03** at limit **
   2  N_Jpsi       1.00000e+04   5.87690e+00   5.06089e-02** at limit **
   3  m_{J/#Psi}   3.67280e+00   5.58154e-03   4.95609e-02  -7.23278e-02
   4  sigma_1_A    6.26197e-02   9.41761e-04   1.40960e-02  -9.48136e-02
   5  sl1         -8.08511e-02   4.63056e-03   4.15822e-03   1.52478e+00
   6  sl2          6.44706e-02   3.98620e-03   4.07084e-03   4.70059e-01
                               ERR DEF= 0.5
 EXTERNAL ERROR MATRIX.    NDIM=  25    NPAR=  6    ERR DEF=0.5
  5.709e-03 -1.684e-07  7.966e-09  2.875e-08  1.828e-08  1.295e-07 
 -1.684e-07  2.904e-04 -5.192e-08 -1.872e-07 -1.190e-07 -8.435e-07 
  7.966e-09 -5.192e-08  3.119e-05 -1.218e-07 -1.329e-05  4.651e-06 
  2.875e-08 -1.872e-07 -1.218e-07  8.870e-07  5.325e-08 -1.922e-07 
  1.828e-08 -1.190e-07 -1.329e-05  5.325e-08  2.144e-05 -1.900e-06 
  1.295e-07 -8.435e-07  4.651e-06 -1.922e-07 -1.900e-06  1.589e-05 
 PARAMETER  CORRELATION COEFFICIENTS  
       NO.  GLOBAL      1      2      3      4      5      6
        1  0.00063   1.000 -0.000  0.000  0.000  0.000  0.000
        2  0.01771  -0.000  1.000 -0.001 -0.012 -0.002 -0.012
        3  0.53742   0.000 -0.001  1.000 -0.023 -0.514  0.209
        4  0.05417   0.000 -0.012 -0.023  1.000  0.012 -0.051
        5  0.51396   0.000 -0.002 -0.514  0.012  1.000 -0.103
        6  0.21445   0.000 -0.012  0.209 -0.051 -0.103  1.000
Real time 0:00:00, CP time 0.050
Real time 0:00:00, CP time 0.050
 **********
 **    7 **SET ERR         0.5
 **********
 **********
 **    8 **SET PRINT           1
 **********
 **********
 **    9 **HESSE        3000
 **********
 COVARIANCE MATRIX CALCULATED SUCCESSFULLY
 FCN=-2.28316e+06 FROM HESSE     STATUS=OK             40 CALLS         258 TOTAL
                     EDM=0.000218652    STRATEGY= 1      ERROR MATRIX ACCURATE 
  EXT PARAMETER                                INTERNAL      INTERNAL  
  NO.   NAME      VALUE            ERROR       STEP SIZE       VALUE   
   1  N_Bkg        1.65000e+05   3.42726e+00   1.90209e-03   1.57070e+00
                                 WARNING -   - ABOVE PARAMETER IS AT LIMIT.
   2  N_Jpsi       1.00000e+04   5.87743e+00   1.01218e-02   1.57087e+00
                                 WARNING -   - ABOVE PARAMETER IS AT LIMIT.
   3  m_{J/#Psi}   3.67280e+00   5.59687e-03   1.98244e-03  -1.32351e-01
   4  sigma_1_A    6.26197e-02   9.42242e-04   5.63838e-04  -1.05630e-01
   5  sl1         -8.08511e-02   4.62818e-03   8.31644e-04  -8.09395e-02
   6  sl2          6.44706e-02   3.99840e-03   1.62834e-04   6.45153e-02
                               ERR DEF= 0.5
 EXTERNAL ERROR MATRIX.    NDIM=  25    NPAR=  6    ERR DEF=0.5
  5.709e-03 -6.224e-09  2.446e-09  5.316e-09  2.888e-09  2.368e-08 
 -6.224e-09  2.905e-04 -1.788e-08 -3.847e-08 -2.080e-08 -1.713e-07 
  2.446e-09 -1.788e-08  3.136e-05 -1.764e-07 -1.330e-05  4.994e-06 
  5.316e-09 -3.847e-08 -1.764e-07  8.879e-07  7.674e-08 -1.980e-07 
  2.888e-09 -2.080e-08 -1.330e-05  7.674e-08  2.142e-05 -2.048e-06 
  2.368e-08 -1.713e-07  4.994e-06 -1.980e-07 -2.048e-06  1.599e-05 
 PARAMETER  CORRELATION COEFFICIENTS  
       NO.  GLOBAL      1      2      3      4      5      6
        1  0.00011   1.000 -0.000  0.000  0.000  0.000  0.000
        2  0.00361  -0.000  1.000 -0.000 -0.002 -0.000 -0.003
        3  0.54001   0.000 -0.000  1.000 -0.033 -0.513  0.223
        4  0.05715   0.000 -0.002 -0.033  1.000  0.018 -0.053
        5  0.51323   0.000 -0.000 -0.513  0.018  1.000 -0.111
        6  0.22760   0.000 -0.003  0.223 -0.053 -0.111  1.000
Real time 0:00:00, CP time 0.000
Real time 0:00:00, CP time 0.050, 2 slices

********* Finished Mass Dist. Fit **************


  RooFitResult: minimized FCN value: -2.28316e+06, estimated distance to minimum: 0.000218652
                covariance matrix quality: Full, accurate covariance matrix
                Status : MINIMIZE=0 HESSE=0 

    Constant Parameter    Value     
  --------------------  ------------
             alpha_1_A    1.5420e+00
                     f    8.1676e-01
                 n_1_A    4.2387e+00
                   x_A    1.7013e+00

    Floating Parameter  InitialValue    FinalValue +/-  Error     GblCorr.
  --------------------  ------------  --------------------------  --------
                 N_Bkg    8.2500e+04    1.6500e+05 +/-  3.43e+00  <none>
                N_Jpsi    5.0050e+03    1.0000e+04 +/-  5.88e+00  <none>
            m_{J/#Psi}    3.6860e+00    3.6728e+00 +/-  5.60e-03  <none>
             sigma_1_A    4.8147e-02    6.2620e-02 +/-  9.42e-04  <none>
                   sl1    0.0000e+00   -8.0851e-02 +/-  4.63e-03  <none>
                   sl2    0.0000e+00    6.4471e-02 +/-  4.00e-03  <none>

sigma_lower = 0	sigma_higher = 0.14
 *** NLL : -2283161.03896667
Info in <TCanvas::Print>: pdf file figs/PRMC/Mass_Fixed_pt3.5-6.5_y1.6-2.4_muPt0.0_centrality0-180_PRw_Effw0_Accw0_PtW0_TnP0.pdf has been created

Processing MassFit_FixPar_Data.C(6.5,9,1.6,2.4,0,180,1)...

[1mRooFit v3.60 -- Developed by Wouter Verkerke and David Kirkby[0m 
                Copyright (C) 2000-2013 NIKHEF, University of California & Stanford University
                All rights reserved, please read http://roofit.sourceforge.net/license.txt

l_cut: 0.0695
RooDataSet::dataset[mass,pt,y,pt1,pt2,eta1,eta2,weight,cBin,recoQQsign,NumDimu,ctau3D,ctau3DErr,ctau3DRes,ctau3D2S,ctau3DErr2S,ctau3DRes2S] = 638945 entries
pt: 6.5-9, y: 1.6-2.4, Cent: 0-180%
####################################
******** New Combined Dataset ***********
RooRealVar::mass = 3.41342  L(3.3 - 4.1) // [GeV/c^{2}]
sigma lower : 0	sigma higher : 0.14
psi 2S MASS : 3.686

********* Starting Mass Dist. Fit **************

 **********
 **    1 **SET PRINT           1
 **********
 **********
 **    2 **SET NOGRAD
 **********
 PARAMETER DEFINITIONS:
    NO.   NAME         VALUE      STEP SIZE      LIMITS
     1 N_Bkg        1.00000e+07  2.00000e+06    0.00000e+00  2.00000e+07
 MINUIT WARNING IN PARAM DEF
 ============== LIMITS ON PARAM1 TOO FAR APART.
 PARAMETER DEFINITIONS:
    NO.   NAME         VALUE      STEP SIZE      LIMITS
     2 N_Jpsi       5.00000e+06  1.00000e+06    0.00000e+00  1.00000e+07
     3 m_{J/#Psi}   3.68600e+00  2.00000e-02    3.58600e+00  3.78600e+00
     4 sigma_1_A    4.60575e-02  1.40000e-02    0.00000e+00  1.40000e-01
     5 sl1          0.00000e+00  2.00000e-01   -1.00000e+00  1.00000e+00
 **********
 **    3 **SET ERR         0.5
 **********
 **********
 **    4 **SET PRINT           1
 **********
 **********
 **    5 **SET STR           1
 **********
 NOW USING STRATEGY  1: TRY TO BALANCE SPEED AGAINST RELIABILITY
 **********
 **    6 **MIGRAD        2500           1
 **********
 FIRST CALL TO USER FUNCTION AT NEW START POINT, WITH IFLAG=4.
 START MIGRAD MINIMIZATION.  STRATEGY  1.  CONVERGENCE WHEN EDM .LT. 1.00e-03
 FCN=1.44628e+07 FROM MIGRAD    STATUS=INITIATE       20 CALLS          21 TOTAL
                     EDM= unknown      STRATEGY= 1      NO ERROR MATRIX       
  EXT PARAMETER               CURRENT GUESS       STEP         FIRST   
  NO.   NAME      VALUE            ERROR          SIZE      DERIVATIVE 
   1  N_Bkg        1.00000e+07   2.00000e+06   2.01358e-01   9.97358e+06
   2  N_Jpsi       5.00000e+06   1.00000e+06   2.01358e-01   4.99182e+06
   3  m_{J/#Psi}   3.68600e+00   2.00000e-02   2.01358e-01   3.27222e+02
   4  sigma_1_A    4.60575e-02   1.40000e-02   2.15170e-01  -4.14042e+03
   5  sl1          0.00000e+00   2.00000e-01   2.01358e-01   1.01154e+03
                               ERR DEF= 0.5
[#0] WARNING:Minization -- RooMinimizerFcn: Minimized function has error status.
Returning maximum FCN so far (2.44948e+07) to force MIGRAD to back out of this region. Error log follows
Parameter values: N_Bkg=7.56746e+06, N_Jpsi=9.95571e+06, m_{J/#Psi}=3.62612, sigma_1_A=0.139587, sl1=-0.0233752
RooGaussian::sigma1_constraint[ x=sigma_1_A mean=0.0460575 sigma=0.00218315 ]
     getLogVal() top-level p.d.f evaluates to zero @ x=sigma_1_A=0.139587, mean=0.0460575=0.0460575, sigma=0.00218315=0.00218315

[#0] WARNING:Minization -- RooMinimizerFcn: Minimized function has error status.
Returning maximum FCN so far (2.44948e+07) to force MIGRAD to back out of this region. Error log follows
Parameter values: N_Bkg=184090, N_Jpsi=33516.2, m_{J/#Psi}=3.63241, sigma_1_A=0.13117, sl1=-0.0441494
RooGaussian::sigma1_constraint[ x=sigma_1_A mean=0.0460575 sigma=0.00218315 ]
     getLogVal() top-level p.d.f evaluates to zero @ x=sigma_1_A=0.13117, mean=0.0460575=0.0460575, sigma=0.00218315=0.00218315

 MIGRAD MINIMIZATION HAS CONVERGED.
 MIGRAD WILL VERIFY CONVERGENCE AND ERROR MATRIX.
 COVARIANCE MATRIX CALCULATED SUCCESSFULLY
 FCN=-310108 FROM MIGRAD    STATUS=CONVERGED     263 CALLS         264 TOTAL
                     EDM=4.71128e-05    STRATEGY= 1      ERROR MATRIX ACCURATE 
  EXT PARAMETER                                   STEP         FIRST   
  NO.   NAME      VALUE            ERROR          SIZE      DERIVATIVE 
   1  N_Bkg        3.17629e+04   2.08531e+02   8.67106e-05   1.06692e+00
   2  N_Jpsi       5.09108e+02   1.09445e+02   5.02555e-04  -4.32153e+00
   3  m_{J/#Psi}   3.68278e+00   1.31973e-02   5.02277e-02   4.99084e-04
   4  sigma_1_A    4.60546e-02   2.14454e-03   1.24048e-02  -6.99047e-03
   5  sl1         -1.44350e-01   9.79919e-03   3.75487e-03  -4.57661e-02
                               ERR DEF= 0.5
 EXTERNAL ERROR MATRIX.    NDIM=  25    NPAR=  5    ERR DEF=0.5
  4.349e+04 -1.160e+04  9.213e-02 -3.471e-02 -7.527e-02 
 -1.160e+04  1.198e+04 -9.124e-02  3.445e-02  7.451e-02 
  9.213e-02 -9.124e-02  1.752e-04 -2.094e-07 -2.017e-05 
 -3.471e-02  3.445e-02 -2.094e-07  4.601e-06  2.173e-07 
 -7.527e-02  7.451e-02 -2.017e-05  2.173e-07  9.603e-05 
 PARAMETER  CORRELATION COEFFICIENTS  
       NO.  GLOBAL      1      2      3      4      5
        1  0.50831   1.000 -0.508  0.033 -0.078 -0.037
        2  0.52337  -0.508  1.000 -0.063  0.147  0.069
        3  0.16410   0.033 -0.063  1.000 -0.007 -0.156
        4  0.14681  -0.078  0.147 -0.007  1.000  0.010
        5  0.16663  -0.037  0.069 -0.156  0.010  1.000
Real time 0:00:00, CP time 0.080
Real time 0:00:00, CP time 0.080
 **********
 **    7 **SET ERR         0.5
 **********
 **********
 **    8 **SET PRINT           1
 **********
 **********
 **    9 **HESSE        2500
 **********
 COVARIANCE MATRIX CALCULATED SUCCESSFULLY
 FCN=-310108 FROM HESSE     STATUS=OK             33 CALLS         297 TOTAL
                     EDM=4.63481e-05    STRATEGY= 1      ERROR MATRIX ACCURATE 
  EXT PARAMETER                                INTERNAL      INTERNAL  
  NO.   NAME      VALUE            ERROR       STEP SIZE       VALUE   
   1  N_Bkg        3.17629e+04   2.07575e+02   3.46843e-06  -2.66238e+01
   2  N_Jpsi       5.09108e+02   1.08732e+02   2.01022e-05  -9.58043e+01
   3  m_{J/#Psi}   3.68278e+00   1.31387e-02   2.00911e-03  -3.22491e-02
   4  sigma_1_A    4.60546e-02   2.14210e-03   4.96193e-04  -3.49127e-01
   5  sl1         -1.44350e-01   9.79316e-03   7.50974e-04  -1.44856e-01
                               ERR DEF= 0.5
 EXTERNAL ERROR MATRIX.    NDIM=  25    NPAR=  5    ERR DEF=0.5
  4.309e+04 -1.132e+04  3.296e-02 -3.248e-02 -6.616e-02 
 -1.132e+04  1.182e+04 -3.295e-02  3.247e-02  6.613e-02 
  3.296e-02 -3.295e-02  1.736e-04 -2.469e-07 -1.963e-05 
 -3.248e-02  3.247e-02 -2.469e-07  4.590e-06  2.086e-07 
 -6.616e-02  6.613e-02 -1.963e-05  2.086e-07  9.591e-05 
 PARAMETER  CORRELATION COEFFICIENTS  
       NO.  GLOBAL      1      2      3      4      5
        1  0.50153   1.000 -0.502  0.012 -0.073 -0.033
        2  0.51405  -0.502  1.000 -0.023  0.139  0.062
        3  0.15278   0.012 -0.023  1.000 -0.009 -0.152
        4  0.13954  -0.073  0.139 -0.009  1.000  0.010
        5  0.16300  -0.033  0.062 -0.152  0.010  1.000
Real time 0:00:00, CP time 0.000
Real time 0:00:00, CP time 0.080, 2 slices

********* Finished Mass Dist. Fit **************


  RooFitResult: minimized FCN value: -310108, estimated distance to minimum: 4.63481e-05
                covariance matrix quality: Full, accurate covariance matrix
                Status : MINIMIZE=0 HESSE=0 

    Constant Parameter    Value     
  --------------------  ------------
             alpha_1_A    1.6404e+00
                     f    6.5090e-01
                 n_1_A    2.7062e+00
                   x_A    1.4513e+00

    Floating Parameter  InitialValue    FinalValue +/-  Error     GblCorr.
  --------------------  ------------  --------------------------  --------
                 N_Bkg    1.0000e+07    3.1763e+04 +/-  2.08e+02  <none>
                N_Jpsi    5.0000e+06    5.0911e+02 +/-  1.09e+02  <none>
            m_{J/#Psi}    3.6860e+00    3.6828e+00 +/-  1.31e-02  <none>
             sigma_1_A    4.6057e-02    4.6055e-02 +/-  2.14e-03  <none>
                   sl1    0.0000e+00   -1.4435e-01 +/-  9.79e-03  <none>

sigma_lower = 0	sigma_higher = 0.14
 *** NLL : -310107.577304603
Info in <TCanvas::Print>: pdf file figs/PRMC/Mass_Fixed_pt6.5-9.0_y1.6-2.4_muPt0.0_centrality0-180_PRw_Effw0_Accw0_PtW0_TnP0.pdf has been created

Processing MassFit_FixPar_Data.C(9,12,1.6,2.4,0,180,1)...

[1mRooFit v3.60 -- Developed by Wouter Verkerke and David Kirkby[0m 
                Copyright (C) 2000-2013 NIKHEF, University of California & Stanford University
                All rights reserved, please read http://roofit.sourceforge.net/license.txt

l_cut: 0.0585
RooDataSet::dataset[mass,pt,y,pt1,pt2,eta1,eta2,weight,cBin,recoQQsign,NumDimu,ctau3D,ctau3DErr,ctau3DRes,ctau3D2S,ctau3DErr2S,ctau3DRes2S] = 638945 entries
pt: 9-12, y: 1.6-2.4, Cent: 0-180%
####################################
******** New Combined Dataset ***********
RooRealVar::mass = 3.41342  L(3.3 - 4.1) // [GeV/c^{2}]
sigma lower : 0	sigma higher : 0.14
psi 2S MASS : 3.686

********* Starting Mass Dist. Fit **************

 **********
 **    1 **SET PRINT           1
 **********
 **********
 **    2 **SET NOGRAD
 **********
 PARAMETER DEFINITIONS:
    NO.   NAME         VALUE      STEP SIZE      LIMITS
     1 N_Bkg        2.50000e+04  5.00000e+03    0.00000e+00  5.00000e+04
     2 N_Jpsi       5.00000e+02  1.00000e+02    0.00000e+00  1.00000e+03
     3 m_{J/#Psi}   3.68600e+00  2.00000e-02    3.58600e+00  3.78600e+00
     4 sigma_1_A    4.81646e-02  1.40000e-02    0.00000e+00  1.40000e-01
     5 sl1          0.00000e+00  2.00000e-01   -1.00000e+00  1.00000e+00
 **********
 **    3 **SET ERR         0.5
 **********
 **********
 **    4 **SET PRINT           1
 **********
 **********
 **    5 **SET STR           1
 **********
 NOW USING STRATEGY  1: TRY TO BALANCE SPEED AGAINST RELIABILITY
 **********
 **    6 **MIGRAD        2500           1
 **********
 FIRST CALL TO USER FUNCTION AT NEW START POINT, WITH IFLAG=4.
 START MIGRAD MINIMIZATION.  STRATEGY  1.  CONVERGENCE WHEN EDM .LT. 1.00e-03
 FCN=-46962.2 FROM MIGRAD    STATUS=INITIATE       16 CALLS          17 TOTAL
                     EDM= unknown      STRATEGY= 1      NO ERROR MATRIX       
  EXT PARAMETER               CURRENT GUESS       STEP         FIRST   
  NO.   NAME      VALUE            ERROR          SIZE      DERIVATIVE 
   1  N_Bkg        2.50000e+04   5.00000e+03   2.01358e-01   1.81608e+04
   2  N_Jpsi       5.00000e+02   1.00000e+02   2.01358e-01   3.53098e+02
   3  m_{J/#Psi}   3.68600e+00   2.00000e-02   2.01358e-01   2.36734e+00
   4  sigma_1_A    4.81646e-02   1.40000e-02   2.12633e-01   9.27919e+00
   5  sl1          0.00000e+00   2.00000e-01   2.01358e-01   1.30240e+02
                               ERR DEF= 0.5
 MIGRAD MINIMIZATION HAS CONVERGED.
 MIGRAD WILL VERIFY CONVERGENCE AND ERROR MATRIX.
 COVARIANCE MATRIX CALCULATED SUCCESSFULLY
 FCN=-56440.8 FROM MIGRAD    STATUS=CONVERGED     157 CALLS         158 TOTAL
                     EDM=1.5891e-05    STRATEGY= 1      ERROR MATRIX ACCURATE 
  EXT PARAMETER                                   STEP         FIRST   
  NO.   NAME      VALUE            ERROR          SIZE      DERIVATIVE 
   1  N_Bkg        6.67222e+03   9.52295e+01   8.04247e-04  -3.41012e-01
   2  N_Jpsi       3.13665e+02   5.20146e+01   1.60998e-02   2.13176e-02
   3  m_{J/#Psi}   3.68473e+00   1.06138e-02   1.72396e-02  -6.48282e-03
   4  sigma_1_A    4.81600e-02   8.08476e-04   1.98980e-03  -7.84318e-02
   5  sl1         -5.44047e-02   2.15792e-02   3.49479e-03   3.49115e-02
                               ERR DEF= 0.5
 EXTERNAL ERROR MATRIX.    NDIM=  25    NPAR=  5    ERR DEF=0.5
  9.069e+03 -2.399e+03  1.087e-02 -2.693e-03 -6.526e-02 
 -2.399e+03  2.717e+03 -1.088e-02  2.704e-03  6.537e-02 
  1.087e-02 -1.088e-02  1.131e-04 -1.003e-08 -3.659e-05 
 -2.693e-03  2.704e-03 -1.003e-08  6.537e-07  8.174e-08 
 -6.526e-02  6.537e-02 -3.659e-05  8.174e-08  4.657e-04 
 PARAMETER  CORRELATION COEFFICIENTS  
       NO.  GLOBAL      1      2      3      4      5
        1  0.48343   1.000 -0.483  0.011 -0.035 -0.032
        2  0.48763  -0.483  1.000 -0.020  0.064  0.058
        3  0.15980   0.011 -0.020  1.000 -0.001 -0.159
        4  0.06433  -0.035  0.064 -0.001  1.000  0.005
        5  0.16873  -0.032  0.058 -0.159  0.005  1.000
Real time 0:00:00, CP time 0.040
Real time 0:00:00, CP time 0.040
 **********
 **    7 **SET ERR         0.5
 **********
 **********
 **    8 **SET PRINT           1
 **********
 **********
 **    9 **HESSE        2500
 **********
 COVARIANCE MATRIX CALCULATED SUCCESSFULLY
 FCN=-56440.8 FROM HESSE     STATUS=OK             31 CALLS         189 TOTAL
                     EDM=1.58271e-05    STRATEGY= 1      ERROR MATRIX ACCURATE 
  EXT PARAMETER                                INTERNAL      INTERNAL  
  NO.   NAME      VALUE            ERROR       STEP SIZE       VALUE   
   1  N_Bkg        6.67222e+03   9.52609e+01   1.60849e-04  -7.10607e+00
   2  N_Jpsi       3.13665e+02   5.20206e+01   6.43990e-04  -8.20633e+01
   3  m_{J/#Psi}   3.68473e+00   1.06281e-02   6.89586e-04  -1.27248e-02
   4  sigma_1_A    4.81600e-02   8.08423e-04   7.95921e-05  -3.17298e-01
   5  sl1         -5.44047e-02   2.15771e-02   6.98958e-04  -5.44316e-02
                               ERR DEF= 0.5
 EXTERNAL ERROR MATRIX.    NDIM=  25    NPAR=  5    ERR DEF=0.5
  9.075e+03 -2.403e+03  4.478e-03 -2.661e-03 -6.317e-02 
 -2.403e+03  2.718e+03 -4.480e-03  2.662e-03  6.319e-02 
  4.478e-03 -4.480e-03  1.134e-04 -1.693e-08 -3.651e-05 
 -2.661e-03  2.662e-03 -1.693e-08  6.536e-07  8.268e-08 
 -6.317e-02  6.319e-02 -3.651e-05  8.268e-08  4.656e-04 
 PARAMETER  CORRELATION COEFFICIENTS  
       NO.  GLOBAL      1      2      3      4      5
        1  0.48395   1.000 -0.484  0.004 -0.035 -0.031
        2  0.48789  -0.484  1.000 -0.008  0.063  0.056
        3  0.15892   0.004 -0.008  1.000 -0.002 -0.159
        4  0.06335  -0.035  0.063 -0.002  1.000  0.005
        5  0.16817  -0.031  0.056 -0.159  0.005  1.000
Real time 0:00:00, CP time 0.010
Real time 0:00:00, CP time 0.050, 2 slices

********* Finished Mass Dist. Fit **************


  RooFitResult: minimized FCN value: -56440.8, estimated distance to minimum: 1.58271e-05
                covariance matrix quality: Full, accurate covariance matrix
                Status : MINIMIZE=0 HESSE=0 

    Constant Parameter    Value     
  --------------------  ------------
             alpha_1_A    1.5571e+00
                     f    8.1220e-01
                 n_1_A    3.8362e+00
                   x_A    1.6686e+00

    Floating Parameter  InitialValue    FinalValue +/-  Error     GblCorr.
  --------------------  ------------  --------------------------  --------
                 N_Bkg    2.5000e+04    6.6722e+03 +/-  9.53e+01  <none>
                N_Jpsi    5.0000e+02    3.1367e+02 +/-  5.20e+01  <none>
            m_{J/#Psi}    3.6860e+00    3.6847e+00 +/-  1.06e-02  <none>
             sigma_1_A    4.8165e-02    4.8160e-02 +/-  8.08e-04  <none>
                   sl1    0.0000e+00   -5.4405e-02 +/-  2.16e-02  <none>

sigma_lower = 0	sigma_higher = 0.14
 *** NLL : -56440.810907546
Info in <TCanvas::Print>: pdf file figs/PRMC/Mass_Fixed_pt9.0-12.0_y1.6-2.4_muPt0.0_centrality0-180_PRw_Effw0_Accw0_PtW0_TnP0.pdf has been created

Processing MassFit_FixPar_Data.C(12,40,1.6,2.4,0,180,1)...

[1mRooFit v3.60 -- Developed by Wouter Verkerke and David Kirkby[0m 
                Copyright (C) 2000-2013 NIKHEF, University of California & Stanford University
                All rights reserved, please read http://roofit.sourceforge.net/license.txt

l_cut: 0.0435
RooDataSet::dataset[mass,pt,y,pt1,pt2,eta1,eta2,weight,cBin,recoQQsign,NumDimu,ctau3D,ctau3DErr,ctau3DRes,ctau3D2S,ctau3DErr2S,ctau3DRes2S] = 638945 entries
pt: 12-40, y: 1.6-2.4, Cent: 0-180%
####################################
******** New Combined Dataset ***********
RooRealVar::mass = 3.41342  L(3.3 - 4.1) // [GeV/c^{2}]
sigma lower : 0	sigma higher : 0.14
psi 2S MASS : 3.686

********* Starting Mass Dist. Fit **************

 **********
 **    1 **SET PRINT           1
 **********
 **********
 **    2 **SET NOGRAD
 **********
 PARAMETER DEFINITIONS:
    NO.   NAME         VALUE      STEP SIZE      LIMITS
     1 N_Bkg        2.50000e+05  5.00000e+04    0.00000e+00  5.00000e+05
     2 N_Jpsi       5.00000e+03  1.00000e+03    0.00000e+00  1.00000e+04
     3 m_{J/#Psi}   3.68600e+00  2.00000e-02    3.58600e+00  3.78600e+00
     4 sigma_1_A    4.67968e-02  1.40000e-02    0.00000e+00  1.40000e-01
     5 sl1          0.00000e+00  2.00000e-01   -1.00000e+00  1.00000e+00
 **********
 **    3 **SET ERR         0.5
 **********
 **********
 **    4 **SET PRINT           1
 **********
 **********
 **    5 **SET STR           1
 **********
 NOW USING STRATEGY  1: TRY TO BALANCE SPEED AGAINST RELIABILITY
 **********
 **    6 **MIGRAD        2500           1
 **********
 FIRST CALL TO USER FUNCTION AT NEW START POINT, WITH IFLAG=4.
 START MIGRAD MINIMIZATION.  STRATEGY  1.  CONVERGENCE WHEN EDM .LT. 1.00e-03
 FCN=225269 FROM MIGRAD    STATUS=INITIATE       18 CALLS          19 TOTAL
                     EDM= unknown      STRATEGY= 1      NO ERROR MATRIX       
  EXT PARAMETER               CURRENT GUESS       STEP         FIRST   
  NO.   NAME      VALUE            ERROR          SIZE      DERIVATIVE 
   1  N_Bkg        2.50000e+05   5.00000e+04   2.01358e-01   2.47706e+05
   2  N_Jpsi       5.00000e+03   1.00000e+03   2.01358e-01   4.92393e+03
   3  m_{J/#Psi}   3.68600e+00   2.00000e-02   2.01358e-01   1.87786e+00
   4  sigma_1_A    4.67968e-02   1.40000e-02   2.14242e-01   9.16273e+00
   5  sl1          0.00000e+00   2.00000e-01   2.01358e-01   3.49234e+01
                               ERR DEF= 0.5
 MIGRAD MINIMIZATION HAS CONVERGED.
 MIGRAD WILL VERIFY CONVERGENCE AND ERROR MATRIX.
 COVARIANCE MATRIX CALCULATED SUCCESSFULLY
 FCN=-16401.6 FROM MIGRAD    STATUS=CONVERGED     252 CALLS         253 TOTAL
                     EDM=3.95223e-06    STRATEGY= 1      ERROR MATRIX ACCURATE 
  EXT PARAMETER                                   STEP         FIRST   
  NO.   NAME      VALUE            ERROR          SIZE      DERIVATIVE 
   1  N_Bkg        2.16162e+03   5.48424e+01   1.29637e-04   4.51026e-01
   2  N_Jpsi       1.83349e+02   3.20684e+01   1.84398e-03   1.83159e-02
   3  m_{J/#Psi}   3.67830e+00   1.21639e-02   1.06115e-02  -7.56182e-03
   4  sigma_1_A    4.68291e-02   7.04826e-04   9.41996e-04  -1.50003e-01
   5  sl1         -3.44784e-02   3.81795e-02   3.31512e-03  -1.35802e-02
                               ERR DEF= 0.5
 EXTERNAL ERROR MATRIX.    NDIM=  25    NPAR=  5    ERR DEF=0.5
  3.008e+03 -8.458e+02 -7.962e-03  1.354e-03  9.202e-02 
 -8.458e+02  1.029e+03  7.955e-03 -1.350e-03 -9.194e-02 
 -7.962e-03  7.955e-03  1.487e-04 -3.839e-08 -8.398e-05 
  1.354e-03 -1.350e-03 -3.839e-08  4.968e-07  1.635e-07 
  9.202e-02 -9.194e-02 -8.398e-05  1.635e-07  1.458e-03 
 PARAMETER  CORRELATION COEFFICIENTS  
       NO.  GLOBAL      1      2      3      4      5
        1  0.48096   1.000 -0.481 -0.012  0.035  0.044
        2  0.48577  -0.481  1.000  0.020 -0.060 -0.075
        3  0.18049  -0.012  0.020  1.000 -0.004 -0.180
        4  0.06025   0.035 -0.060 -0.004  1.000  0.006
        5  0.19415   0.044 -0.075 -0.180  0.006  1.000
Real time 0:00:00, CP time 0.050
Real time 0:00:00, CP time 0.050
 **********
 **    7 **SET ERR         0.5
 **********
 **********
 **    8 **SET PRINT           1
 **********
 **********
 **    9 **HESSE        2500
 **********
 COVARIANCE MATRIX CALCULATED SUCCESSFULLY
 FCN=-16401.6 FROM HESSE     STATUS=OK             31 CALLS         284 TOTAL
                     EDM=3.95175e-06    STRATEGY= 1      ERROR MATRIX ACCURATE 
  EXT PARAMETER                                INTERNAL      INTERNAL  
  NO.   NAME      VALUE            ERROR       STEP SIZE       VALUE   
   1  N_Bkg        2.16162e+03   5.48323e+01   2.59274e-05  -5.19679e+01
   2  N_Jpsi       1.83349e+02   3.20609e+01   7.37592e-05  -5.04497e+02
   3  m_{J/#Psi}   3.67830e+00   1.21396e-02   4.24462e-04   1.87725e+01
   4  sigma_1_A    4.68291e-02   7.04860e-04   1.88399e-04  -3.37377e-01
   5  sl1         -3.44784e-02   3.81724e-02   6.63023e-04  -3.44852e-02
                               ERR DEF= 0.5
 EXTERNAL ERROR MATRIX.    NDIM=  25    NPAR=  5    ERR DEF=0.5
  3.007e+03 -8.449e+02 -5.461e-03  1.364e-03  9.047e-02 
 -8.449e+02  1.028e+03  5.459e-03 -1.363e-03 -9.046e-02 
 -5.461e-03  5.459e-03  1.481e-04 -4.166e-08 -8.334e-05 
  1.364e-03 -1.363e-03 -4.166e-08  4.968e-07  1.661e-07 
  9.047e-02 -9.046e-02 -8.334e-05  1.661e-07  1.458e-03 
 PARAMETER  CORRELATION COEFFICIENTS  
       NO.  GLOBAL      1      2      3      4      5
        1  0.48066   1.000 -0.481 -0.008  0.035  0.043
        2  0.48541  -0.481  1.000  0.014 -0.060 -0.074
        3  0.17939  -0.008  0.014  1.000 -0.005 -0.179
        4  0.06089   0.035 -0.060 -0.005  1.000  0.006
        5  0.19322   0.043 -0.074 -0.179  0.006  1.000
Real time 0:00:00, CP time 0.000
Real time 0:00:00, CP time 0.050, 2 slices

********* Finished Mass Dist. Fit **************


  RooFitResult: minimized FCN value: -16401.6, estimated distance to minimum: 3.95175e-06
                covariance matrix quality: Full, accurate covariance matrix
                Status : MINIMIZE=0 HESSE=0 

    Constant Parameter    Value     
  --------------------  ------------
             alpha_1_A    1.7526e+00
                     f    6.7021e-01
                 n_1_A    2.4943e+00
                   x_A    1.6002e+00

    Floating Parameter  InitialValue    FinalValue +/-  Error     GblCorr.
  --------------------  ------------  --------------------------  --------
                 N_Bkg    2.5000e+05    2.1616e+03 +/-  5.48e+01  <none>
                N_Jpsi    5.0000e+03    1.8335e+02 +/-  3.21e+01  <none>
            m_{J/#Psi}    3.6860e+00    3.6783e+00 +/-  1.21e-02  <none>
             sigma_1_A    4.6797e-02    4.6829e-02 +/-  7.05e-04  <none>
                   sl1    0.0000e+00   -3.4478e-02 +/-  3.82e-02  <none>

sigma_lower = 0	sigma_higher = 0.14
 *** NLL : -16401.6052540501
Info in <TCanvas::Print>: pdf file figs/PRMC/Mass_Fixed_pt12.0-40.0_y1.6-2.4_muPt0.0_centrality0-180_PRw_Effw0_Accw0_PtW0_TnP0.pdf has been created

Processing MassFit_FixPar_Data.C(6.5,9,0,1.6,0,180,1)...

[1mRooFit v3.60 -- Developed by Wouter Verkerke and David Kirkby[0m 
                Copyright (C) 2000-2013 NIKHEF, University of California & Stanford University
                All rights reserved, please read http://roofit.sourceforge.net/license.txt

l_cut: 0.0535
RooDataSet::dataset[mass,pt,y,pt1,pt2,eta1,eta2,weight,cBin,recoQQsign,NumDimu,ctau3D,ctau3DErr,ctau3DRes,ctau3D2S,ctau3DErr2S,ctau3DRes2S] = 638945 entries
pt: 6.5-9, y: 0-1.6, Cent: 0-180%
####################################
******** New Combined Dataset ***********
RooRealVar::mass = 3.41342  L(3.3 - 4.1) // [GeV/c^{2}]
sigma lower : 0.0499058	sigma higher : 0.0523201
psi 2S MASS : 3.686

********* Starting Mass Dist. Fit **************

 **********
 **    1 **SET PRINT           1
 **********
 **********
 **    2 **SET NOGRAD
 **********
 PARAMETER DEFINITIONS:
    NO.   NAME         VALUE      STEP SIZE      LIMITS
     1 N_Bkg        2.50000e+05  5.00000e+04    0.00000e+00  5.00000e+05
     2 N_Jpsi       1.50000e+03  3.00000e+02    0.00000e+00  3.00000e+03
     3 m_{J/#Psi}   3.68600e+00  2.00000e-02    3.58600e+00  3.78600e+00
     4 sigma_1_A    5.11130e-02  2.41431e-04    4.99058e-02  5.23201e-02
     5 sl1          0.00000e+00  2.00000e-01   -1.00000e+00  1.00000e+00
 **********
 **    3 **SET ERR         0.5
 **********
 **********
 **    4 **SET PRINT           1
 **********
 **********
 **    5 **SET STR           1
 **********
 NOW USING STRATEGY  1: TRY TO BALANCE SPEED AGAINST RELIABILITY
 **********
 **    6 **MIGRAD        2500           1
 **********
 FIRST CALL TO USER FUNCTION AT NEW START POINT, WITH IFLAG=4.
 START MIGRAD MINIMIZATION.  STRATEGY  1.  CONVERGENCE WHEN EDM .LT. 1.00e-03
 FCN=-177343 FROM MIGRAD    STATUS=INITIATE       18 CALLS          19 TOTAL
                     EDM= unknown      STRATEGY= 1      NO ERROR MATRIX       
  EXT PARAMETER               CURRENT GUESS       STEP         FIRST   
  NO.   NAME      VALUE            ERROR          SIZE      DERIVATIVE 
   1  N_Bkg        2.50000e+05   5.00000e+04   2.01358e-01   2.16332e+05
   2  N_Jpsi       1.50000e+03   3.00000e+02   2.01358e-01   1.28763e+03
   3  m_{J/#Psi}   3.68600e+00   2.00000e-02   2.01358e-01  -1.12190e+01
   4  sigma_1_A    5.11130e-02   2.41431e-04   2.01358e-01   1.13328e-01
   5  sl1          0.00000e+00   2.00000e-01   2.01358e-01  -1.82212e+03
                               ERR DEF= 0.5
 MIGRAD MINIMIZATION HAS CONVERGED.
 FCN=-327211 FROM MIGRAD    STATUS=CONVERGED     257 CALLS         258 TOTAL
                     EDM=5.32572e-06    STRATEGY= 1  ERROR MATRIX UNCERTAINTY   2.4 per cent
  EXT PARAMETER                                   STEP         FIRST   
  NO.   NAME      VALUE            ERROR          SIZE      DERIVATIVE 
   1  N_Bkg        3.33201e+04   1.99466e+02  -4.35808e-05   5.33917e-01
   2  N_Jpsi       5.57042e+02   8.64017e+01   1.93240e-03  -2.78446e-02
   3  m_{J/#Psi}   3.69108e+00   7.41549e-03  -1.68701e-04  -1.13180e-02
   4  sigma_1_A    5.12163e-02   1.73703e-03   1.30073e-02   1.96240e-03
   5  sl1          1.64599e-01   9.34925e-03   2.44744e-04  -4.10083e-02
                               ERR DEF= 0.5
 EXTERNAL ERROR MATRIX.    NDIM=  25    NPAR=  5    ERR DEF=0.5
  3.979e+04 -7.530e+03 -1.577e-02 -1.122e-02 -5.690e-02 
 -7.530e+03  7.479e+03 -4.496e-02  1.187e-02  4.352e-02 
 -1.577e-02 -4.496e-02  5.509e-05 -7.379e-07  8.388e-06 
 -1.122e-02  1.187e-02 -7.379e-07  1.447e-06  3.967e-08 
 -5.690e-02  4.352e-02  8.388e-06  3.967e-08  8.741e-05 
 PARAMETER  CORRELATION COEFFICIENTS  
       NO.  GLOBAL      1      2      3      4      5
        1  0.43846   1.000 -0.437 -0.011 -0.047 -0.031
        2  0.45412  -0.437  1.000 -0.070  0.114  0.054
        3  0.16754  -0.011 -0.070  1.000 -0.083  0.121
        4  0.13665  -0.047  0.114 -0.083  1.000  0.004
        5  0.13623  -0.031  0.054  0.121  0.004  1.000
Real time 0:00:00, CP time 0.070
Real time 0:00:00, CP time 0.070
 **********
 **    7 **SET ERR         0.5
 **********
 **********
 **    8 **SET PRINT           1
 **********
 **********
 **    9 **HESSE        2500
 **********
 COVARIANCE MATRIX CALCULATED SUCCESSFULLY
 FCN=-327211 FROM HESSE     STATUS=OK             41 CALLS         299 TOTAL
                     EDM=0.000139442    STRATEGY= 1      ERROR MATRIX ACCURATE 
  EXT PARAMETER                                INTERNAL      INTERNAL  
  NO.   NAME      VALUE            ERROR       STEP SIZE       VALUE   
   1  N_Bkg        3.33201e+04   2.02108e+02   5.82693e-04  -3.87477e+01
   2  N_Jpsi       5.57042e+02   8.94797e+01   2.74935e-02  -1.11909e+03
   3  m_{J/#Psi}   3.69108e+00   7.76773e-03   3.05980e-02  -3.19237e+00
   4  sigma_1_A    5.12163e-02   1.74777e-03   4.05732e-01   8.57561e-02
   5  sl1          1.64599e-01   9.44707e-03   3.76344e-03   1.65352e-01
                               ERR DEF= 0.5
 EXTERNAL ERROR MATRIX.    NDIM=  25    NPAR=  5    ERR DEF=0.5
  4.085e+04 -7.499e+03  3.607e-02 -1.115e-02 -2.647e-02 
 -7.499e+03  8.022e+03 -3.601e-02  1.115e-02  2.637e-02 
  3.607e-02 -3.601e-02  6.046e-05 -3.266e-07  7.013e-06 
 -1.115e-02  1.115e-02 -3.266e-07  1.535e-06  1.838e-08 
 -2.647e-02  2.637e-02  7.013e-06  1.838e-08  8.925e-05 
 PARAMETER  CORRELATION COEFFICIENTS  
       NO.  GLOBAL      1      2      3      4      5
        1  0.41425   1.000 -0.414  0.023 -0.045 -0.014
        2  0.42515  -0.414  1.000 -0.052  0.100  0.031
        3  0.11372   0.023 -0.052  1.000 -0.034  0.095
        4  0.10456  -0.045  0.100 -0.034  1.000  0.002
        5  0.10209  -0.014  0.031  0.095  0.002  1.000
Real time 0:00:00, CP time 0.010
Real time 0:00:00, CP time 0.080, 2 slices

********* Finished Mass Dist. Fit **************


  RooFitResult: minimized FCN value: -327211, estimated distance to minimum: 0.000139442
                covariance matrix quality: Full, accurate covariance matrix
                Status : MINIMIZE=0 HESSE=0 

    Constant Parameter    Value     
  --------------------  ------------
             alpha_1_A    1.7749e+00
                     f    3.5986e-01
                 n_1_A    1.8789e+00
                   x_A    5.7969e-01

    Floating Parameter  InitialValue    FinalValue +/-  Error     GblCorr.
  --------------------  ------------  --------------------------  --------
                 N_Bkg    2.5000e+05    3.3320e+04 +/-  2.02e+02  <none>
                N_Jpsi    1.5000e+03    5.5704e+02 +/-  8.95e+01  <none>
            m_{J/#Psi}    3.6860e+00    3.6911e+00 +/-  7.77e-03  <none>
             sigma_1_A    5.1113e-02    5.1216e-02 +/-  1.75e-03  <none>
                   sl1    0.0000e+00    1.6460e-01 +/-  9.45e-03  <none>

sigma_lower = 0.0499058	sigma_higher = 0.0523201
 *** NLL : -327210.716079814
Info in <TCanvas::Print>: pdf file figs/PRMC/Mass_Fixed_pt6.5-9.0_y0.0-1.6_muPt0.0_centrality0-180_PRw_Effw0_Accw0_PtW0_TnP0.pdf has been created

Processing MassFit_FixPar_Data.C(9,12,0,1.6,0,180,1)...

[1mRooFit v3.60 -- Developed by Wouter Verkerke and David Kirkby[0m 
                Copyright (C) 2000-2013 NIKHEF, University of California & Stanford University
                All rights reserved, please read http://roofit.sourceforge.net/license.txt

l_cut: 0.0505
RooDataSet::dataset[mass,pt,y,pt1,pt2,eta1,eta2,weight,cBin,recoQQsign,NumDimu,ctau3D,ctau3DErr,ctau3DRes,ctau3D2S,ctau3DErr2S,ctau3DRes2S] = 638945 entries
pt: 9-12, y: 0-1.6, Cent: 0-180%
####################################
******** New Combined Dataset ***********
RooRealVar::mass = 3.41342  L(3.3 - 4.1) // [GeV/c^{2}]
sigma lower : 0	sigma higher : 0.14
psi 2S MASS : 3.686

********* Starting Mass Dist. Fit **************

 **********
 **    1 **SET PRINT           1
 **********
 **********
 **    2 **SET NOGRAD
 **********
 PARAMETER DEFINITIONS:
    NO.   NAME         VALUE      STEP SIZE      LIMITS
     1 N_Bkg        1.00000e+07  2.00000e+06    0.00000e+00  2.00000e+07
 MINUIT WARNING IN PARAM DEF
 ============== LIMITS ON PARAM1 TOO FAR APART.
 PARAMETER DEFINITIONS:
    NO.   NAME         VALUE      STEP SIZE      LIMITS
     2 N_Jpsi       5.00000e+06  1.00000e+06    0.00000e+00  1.00000e+07
     3 m_{J/#Psi}   3.68600e+00  2.00000e-02    3.58600e+00  3.78600e+00
     4 sigma_1_A    2.55836e-02  1.27918e-02    0.00000e+00  1.40000e-01
     5 sl1          0.00000e+00  2.00000e-01   -1.00000e+00  1.00000e+00
 **********
 **    3 **SET ERR         0.5
 **********
 **********
 **    4 **SET PRINT           1
 **********
 **********
 **    5 **SET STR           1
 **********
 NOW USING STRATEGY  1: TRY TO BALANCE SPEED AGAINST RELIABILITY
 **********
 **    6 **MIGRAD        2500           1
 **********
 FIRST CALL TO USER FUNCTION AT NEW START POINT, WITH IFLAG=4.
 START MIGRAD MINIMIZATION.  STRATEGY  1.  CONVERGENCE WHEN EDM .LT. 1.00e-03
[#0] WARNING:Minization -- RooMinimizerFcn: Minimized function has error status.
Returning maximum FCN so far (1.68086e+07) to force MIGRAD to back out of this region. Error log follows
Parameter values: N_Bkg=1e+07, N_Jpsi=5e+06, m_{J/#Psi}=3.686, sigma_1_A=0.0399661, sl1=0
RooGaussian::sigma1_constraint[ x=sigma_1_A mean=0.0255836 sigma=0.000369026 ]
     getLogVal() top-level p.d.f evaluates to zero @ x=sigma_1_A=0.0399661, mean=0.0255836=0.0255836, sigma=0.000369026=0.000369026

 FCN=1.48103e+07 FROM MIGRAD    STATUS=INITIATE       22 CALLS          23 TOTAL
                     EDM= unknown      STRATEGY= 1      NO ERROR MATRIX       
