
[1mRooFit v3.60 -- Developed by Wouter Verkerke and David Kirkby[0m 
                Copyright (C) 2000-2013 NIKHEF, University of California & Stanford University
                All rights reserved, please read http://roofit.sourceforge.net/license.txt


Processing MassFit_FixPar_Data.C(3.5,6.5,1.6,2.4,0,180,1)...

[1mRooFit v3.60 -- Developed by Wouter Verkerke and David Kirkby[0m 
                Copyright (C) 2000-2013 NIKHEF, University of California & Stanford University
                All rights reserved, please read http://roofit.sourceforge.net/license.txt

l_cut: 0.0395
RooDataSet::dataset[mass,pt,y,pt1,pt2,eta1,eta2,weight,cBin,recoQQsign,NumDimu,ctau3D,ctau3DErr,ctau3DRes,ctau3D2S,ctau3DErr2S,ctau3DRes2S] = 638945 entries
pt: 3.5-6.5, y: 1.6-2.4, Cent: 0-180%
####################################
******** New Combined Dataset ***********
RooRealVar::mass = 3.41342  L(3.3 - 4.1) // [GeV/c^{2}]
sigma lower : 0	sigma higher : 0.14
psi 2S MASS : 3.686

********* Starting Mass Dist. Fit **************

 **********
 **    1 **SET PRINT           1
 **********
 **********
 **    2 **SET NOGRAD
 **********
 PARAMETER DEFINITIONS:
    NO.   NAME         VALUE      STEP SIZE      LIMITS
     1 N_Bkg        8.25000e+04  1.65000e+04    0.00000e+00  1.65000e+05
     2 N_Jpsi       5.00500e+03  9.99000e+02    1.00000e+01  1.00000e+04
     3 m_{J/#Psi}   3.68600e+00  2.00000e-02    3.58600e+00  3.78600e+00
     4 sigma_1_A    4.81468e-02  1.40000e-02    0.00000e+00  1.40000e-01
     5 sl1          0.00000e+00  2.00000e-01   -1.00000e+00  1.00000e+00
     6 sl2          0.00000e+00  2.00000e-01   -1.00000e+00  1.00000e+00
 **********
 **    3 **SET ERR         0.5
 **********
 **********
 **    4 **SET PRINT           1
 **********
 **********
 **    5 **SET STR           1
 **********
 NOW USING STRATEGY  1: TRY TO BALANCE SPEED AGAINST RELIABILITY
 **********
 **    6 **MIGRAD        3000           1
 **********
 FIRST CALL TO USER FUNCTION AT NEW START POINT, WITH IFLAG=4.
 START MIGRAD MINIMIZATION.  STRATEGY  1.  CONVERGENCE WHEN EDM .LT. 1.00e-03
 FCN=-1.73067e+06 FROM MIGRAD    STATUS=INITIATE       24 CALLS          25 TOTAL
                     EDM= unknown      STRATEGY= 1      NO ERROR MATRIX       
  EXT PARAMETER               CURRENT GUESS       STEP         FIRST   
  NO.   NAME      VALUE            ERROR          SIZE      DERIVATIVE 
   1  N_Bkg        8.25000e+04   1.65000e+04   2.01358e-01  -6.62952e+04
   2  N_Jpsi       5.00500e+03   9.99000e+02   2.01358e-01  -2.94150e+03
   3  m_{J/#Psi}   3.68600e+00   2.00000e-02   2.01358e-01   2.74607e+02
   4  sigma_1_A    4.81468e-02   1.40000e-02   2.12653e-01  -1.00754e+03
   5  sl1          0.00000e+00   2.00000e-01   2.01358e-01   4.25733e+03
   6  sl2          0.00000e+00   2.00000e-01   2.01358e-01  -3.54131e+03
                               ERR DEF= 0.5
 MIGRAD FAILS TO FIND IMPROVEMENT
 MACHINE ACCURACY LIMITS FURTHER IMPROVEMENT.
 MIGRAD MINIMIZATION HAS CONVERGED.
 MIGRAD WILL VERIFY CONVERGENCE AND ERROR MATRIX.
 COVARIANCE MATRIX CALCULATED SUCCESSFULLY
 FCN=-1.75348e+06 FROM HESSE     STATUS=OK             50 CALLS         378 TOTAL
                     EDM=0.00103037    STRATEGY= 1      ERROR MATRIX ACCURATE 
  EXT PARAMETER                                   STEP         FIRST   
  NO.   NAME      VALUE            ERROR          SIZE      DERIVATIVE 
   1  N_Bkg        1.55783e+05   4.74295e+02   9.56214e-03   2.43448e-01
   2  N_Jpsi       9.60089e+02   2.78170e+02   6.38710e-02   4.38062e-01
   3  m_{J/#Psi}   3.65651e+00   1.74706e-02   1.66722e-01   7.08212e-02
   4  sigma_1_A    4.81629e-02   1.17578e-03   1.61345e-02  -5.67668e-01
   5  sl1         -8.89281e-02   4.50318e-03   4.02347e-03   1.31207e+00
   6  sl2         -1.18704e-02   5.06146e-03   3.91597e-03   1.08017e+00
                               ERR DEF= 0.5
 MIGRAD MINIMIZATION HAS CONVERGED.
 FCN=-1.75348e+06 FROM MIGRAD    STATUS=CONVERGED     390 CALLS         391 TOTAL
                     EDM=4.00095e-05    STRATEGY= 1  ERROR MATRIX UNCERTAINTY   1.4 per cent
  EXT PARAMETER                                   STEP         FIRST   
  NO.   NAME      VALUE            ERROR          SIZE      DERIVATIVE 
   1  N_Bkg        1.55771e+05   4.62032e+02  -3.14423e-04   8.18334e-03
   2  N_Jpsi       9.71758e+02   2.54124e+02  -3.97096e-03  -9.99427e-02
   3  m_{J/#Psi}   3.65620e+00   1.75415e-02  -3.21266e-03   2.07052e-03
   4  sigma_1_A    4.81779e-02   1.18287e-03   2.25671e-04  -4.08185e-02
   5  sl1         -8.89155e-02   4.49851e-03   1.26473e-05  -3.61251e-02
   6  sl2         -1.17830e-02   4.96861e-03   8.73701e-05  -1.68618e-01
                               ERR DEF= 0.5
 EXTERNAL ERROR MATRIX.    NDIM=  25    NPAR=  6    ERR DEF=0.5
  2.135e+05  6.047e+04  4.967e-01 -1.952e-02 -1.508e-01 -6.017e-01 
  6.047e+04  6.474e+04  5.035e-01 -1.929e-02 -1.599e-01 -6.350e-01 
  4.967e-01  5.035e-01  3.112e-04 -7.080e-07 -1.483e-05  1.584e-06 
 -1.952e-02 -1.929e-02 -7.080e-07  1.399e-06  5.207e-08  1.253e-07 
 -1.508e-01 -1.599e-01 -1.483e-05  5.207e-08  2.024e-05  9.866e-07 
 -6.017e-01 -6.350e-01  1.584e-06  1.253e-07  9.866e-07  2.469e-05 
 PARAMETER  CORRELATION COEFFICIENTS  
       NO.  GLOBAL      1      2      3      4      5      6
        1  0.51439   1.000  0.514  0.061 -0.036 -0.073 -0.262
        2  0.65254   0.514  1.000  0.112 -0.064 -0.140 -0.502
        3  0.22291   0.061  0.112  1.000 -0.034 -0.187  0.018
        4  0.07044  -0.036 -0.064 -0.034  1.000  0.010  0.021
        5  0.22237  -0.073 -0.140 -0.187  0.010  1.000  0.044
        6  0.50815  -0.262 -0.502  0.018  0.021  0.044  1.000
Real time 0:00:00, CP time 0.090
Real time 0:00:00, CP time 0.090
 **********
 **    7 **SET ERR         0.5
 **********
 **********
 **    8 **SET PRINT           1
 **********
 **********
 **    9 **HESSE        3000
 **********
 COVARIANCE MATRIX CALCULATED SUCCESSFULLY
 FCN=-1.75348e+06 FROM HESSE     STATUS=OK             52 CALLS         443 TOTAL
                     EDM=5.43314e-05    STRATEGY= 1      ERROR MATRIX ACCURATE 
  EXT PARAMETER                                INTERNAL      INTERNAL  
  NO.   NAME      VALUE            ERROR       STEP SIZE       VALUE   
   1  N_Bkg        1.55771e+05   4.81480e+02   3.82486e-03   1.09326e+00
   2  N_Jpsi       9.71758e+02   2.82616e+02   2.55484e-02   4.08142e+00
   3  m_{J/#Psi}   3.65620e+00   1.70556e-02   6.66890e-02  -3.02553e-01
   4  sigma_1_A    4.81779e-02   1.17681e-03   6.45378e-03  -3.17029e-01
   5  sl1         -8.89155e-02   4.49422e-03   4.02359e-03  -8.90331e-02
   6  sl2         -1.17830e-02   5.13854e-03   1.56639e-03  -1.17833e-02
                               ERR DEF= 0.5
 EXTERNAL ERROR MATRIX.    NDIM=  25    NPAR=  6    ERR DEF=0.5
  2.318e+05  7.757e+04  1.422e-01 -2.412e-02 -1.712e-01 -7.800e-01 
  7.757e+04  8.012e+04  1.450e-01 -2.458e-02 -1.746e-01 -7.955e-01 
  1.422e-01  1.450e-01  2.940e-04 -5.650e-07 -1.362e-05  5.393e-06 
 -2.412e-02 -2.458e-02 -5.650e-07  1.385e-06  8.061e-08  1.895e-07 
 -1.712e-01 -1.746e-01 -1.362e-05  8.061e-08  2.020e-05  1.132e-06 
 -7.800e-01 -7.955e-01  5.393e-06  1.895e-07  1.132e-06  2.640e-05 
 PARAMETER  CORRELATION COEFFICIENTS  
       NO.  GLOBAL      1      2      3      4      5      6
        1  0.56918   1.000  0.569  0.017 -0.043 -0.079 -0.315
        2  0.69534   0.569  1.000  0.030 -0.074 -0.137 -0.547
        3  0.19859   0.017  0.030  1.000 -0.028 -0.177  0.061
        4  0.07862  -0.043 -0.074 -0.028  1.000  0.015  0.031
        5  0.22114  -0.079 -0.137 -0.177  0.015  1.000  0.049
        6  0.55264  -0.315 -0.547  0.061  0.031  0.049  1.000
Real time 0:00:00, CP time 0.010
Real time 0:00:00, CP time 0.100, 2 slices

********* Finished Mass Dist. Fit **************


  RooFitResult: minimized FCN value: -1.75348e+06, estimated distance to minimum: 5.43314e-05
                covariance matrix quality: Full, accurate covariance matrix
                Status : MINIMIZE=0 HESSE=0 

    Constant Parameter    Value     
  --------------------  ------------
             alpha_1_A    1.5420e+00
                     f    8.1676e-01
                 n_1_A    4.2387e+00
                   x_A    1.7013e+00

    Floating Parameter  InitialValue    FinalValue +/-  Error     GblCorr.
  --------------------  ------------  --------------------------  --------
                 N_Bkg    8.2500e+04    1.5577e+05 +/-  4.81e+02  <none>
                N_Jpsi    5.0050e+03    9.7176e+02 +/-  2.83e+02  <none>
            m_{J/#Psi}    3.6860e+00    3.6562e+00 +/-  1.71e-02  <none>
             sigma_1_A    4.8147e-02    4.8178e-02 +/-  1.18e-03  <none>
                   sl1    0.0000e+00   -8.8916e-02 +/-  4.49e-03  <none>
                   sl2    0.0000e+00   -1.1783e-02 +/-  5.14e-03  <none>

sigma_lower = 0	sigma_higher = 0.14
 *** NLL : -1753478.1669382
Info in <TCanvas::Print>: pdf file figs/PRMC/Mass_Fixed_pt3.5-6.5_y1.6-2.4_muPt0.0_centrality0-180_PRw_Effw0_Accw0_PtW0_TnP0.pdf has been created

Processing MassFit_FixPar_Data.C(6.5,9,1.6,2.4,0,180,1)...

[1mRooFit v3.60 -- Developed by Wouter Verkerke and David Kirkby[0m 
                Copyright (C) 2000-2013 NIKHEF, University of California & Stanford University
                All rights reserved, please read http://roofit.sourceforge.net/license.txt

l_cut: 0.0305
RooDataSet::dataset[mass,pt,y,pt1,pt2,eta1,eta2,weight,cBin,recoQQsign,NumDimu,ctau3D,ctau3DErr,ctau3DRes,ctau3D2S,ctau3DErr2S,ctau3DRes2S] = 638945 entries
pt: 6.5-9, y: 1.6-2.4, Cent: 0-180%
####################################
******** New Combined Dataset ***********
RooRealVar::mass = 3.41342  L(3.3 - 4.1) // [GeV/c^{2}]
sigma lower : 0	sigma higher : 0.14
psi 2S MASS : 3.686

********* Starting Mass Dist. Fit **************

 **********
 **    1 **SET PRINT           1
 **********
 **********
 **    2 **SET NOGRAD
 **********
 PARAMETER DEFINITIONS:
    NO.   NAME         VALUE      STEP SIZE      LIMITS
     1 N_Bkg        1.00000e+07  2.00000e+06    0.00000e+00  2.00000e+07
 MINUIT WARNING IN PARAM DEF
 ============== LIMITS ON PARAM1 TOO FAR APART.
 PARAMETER DEFINITIONS:
    NO.   NAME         VALUE      STEP SIZE      LIMITS
     2 N_Jpsi       5.00000e+06  1.00000e+06    0.00000e+00  1.00000e+07
     3 m_{J/#Psi}   3.68600e+00  2.00000e-02    3.58600e+00  3.78600e+00
     4 sigma_1_A    4.60575e-02  1.40000e-02    0.00000e+00  1.40000e-01
     5 sl1          0.00000e+00  2.00000e-01   -1.00000e+00  1.00000e+00
 **********
 **    3 **SET ERR         0.5
 **********
 **********
 **    4 **SET PRINT           1
 **********
 **********
 **    5 **SET STR           1
 **********
 NOW USING STRATEGY  1: TRY TO BALANCE SPEED AGAINST RELIABILITY
 **********
 **    6 **MIGRAD        2500           1
 **********
 FIRST CALL TO USER FUNCTION AT NEW START POINT, WITH IFLAG=4.
 START MIGRAD MINIMIZATION.  STRATEGY  1.  CONVERGENCE WHEN EDM .LT. 1.00e-03
 FCN=1.45699e+07 FROM MIGRAD    STATUS=INITIATE       20 CALLS          21 TOTAL
                     EDM= unknown      STRATEGY= 1      NO ERROR MATRIX       
  EXT PARAMETER               CURRENT GUESS       STEP         FIRST   
  NO.   NAME      VALUE            ERROR          SIZE      DERIVATIVE 
   1  N_Bkg        1.00000e+07   2.00000e+06   2.01358e-01   9.97871e+06
   2  N_Jpsi       5.00000e+06   1.00000e+06   2.01358e-01   4.99269e+06
   3  m_{J/#Psi}   3.68600e+00   2.00000e-02   2.01358e-01   2.73586e+02
   4  sigma_1_A    4.60575e-02   1.40000e-02   2.15170e-01  -3.32794e+03
   5  sl1          0.00000e+00   2.00000e-01   2.01358e-01   8.03441e+02
                               ERR DEF= 0.5
 MIGRAD FAILS TO FIND IMPROVEMENT
 EIGENVALUES OF SECOND-DERIVATIVE MATRIX:
        -9.6985e-01  1.1289e-01  8.4523e-01  1.7155e+00  3.2962e+00
 MINUIT WARNING IN HESSE   
 ============== MATRIX FORCED POS-DEF BY ADDING 0.973145 TO DIAGONAL.
 FCN=-242487 FROM HESSE     STATUS=NOT POSDEF     35 CALLS         365 TOTAL
                     EDM=1630.69    STRATEGY= 1      ERR MATRIX NOT POS-DEF
  EXT PARAMETER                APPROXIMATE        STEP         FIRST   
  NO.   NAME      VALUE            ERROR          SIZE      DERIVATIVE 
   1  N_Bkg        2.52104e+04   2.37024e+02   7.70701e-05  -2.44301e+03
   2  N_Jpsi       5.32361e+02   4.02663e+02   5.25827e-04   6.16457e+02
   3  m_{J/#Psi}   3.60853e+00   1.10700e-01   5.00000e-01   1.92948e+00
   4  sigma_1_A    1.22650e-01   1.10144e-01   5.00000e-01   1.09197e+00
   5  sl1         -1.35058e-01   3.41498e-02   3.75960e-03  -7.82908e-01
                               ERR DEF= 0.5
 MINUIT WARNING IN MIGRAD  
 ============== Negative diagonal element 4 in Error Matrix
 MINUIT WARNING IN MIGRAD  
 ============== 1.8546 added to diagonal of error matrix
 EIGENVALUES OF SECOND-DERIVATIVE MATRIX:
        -2.9628e-01  1.0000e+00  1.0000e+00  1.0000e+00  2.2963e+00
 MINUIT WARNING IN MIGRAD  
 ============== MATRIX FORCED POS-DEF BY ADDING 0.298578 TO DIAGONAL.
 MIGRAD FAILS TO FIND IMPROVEMENT
 MIGRAD MINIMIZATION HAS CONVERGED.
 MIGRAD WILL VERIFY CONVERGENCE AND ERROR MATRIX.
 COVARIANCE MATRIX CALCULATED SUCCESSFULLY
 FCN=-242490 FROM MIGRAD    STATUS=CONVERGED     807 CALLS         808 TOTAL
                     EDM=3.15721e-05    STRATEGY= 1      ERROR MATRIX ACCURATE 
  EXT PARAMETER                                   STEP         FIRST   
  NO.   NAME      VALUE            ERROR          SIZE      DERIVATIVE 
   1  N_Bkg        2.54357e+04   1.92868e+02   7.66498e-05  -3.31457e+00
   2  N_Jpsi       3.98147e+02   1.11686e+02   4.47360e-04   3.06333e+00
   3  m_{J/#Psi}   3.68228e+00   1.52472e-02   5.04881e-02   2.02415e-02
   4  sigma_1_A    4.56900e-02   1.30616e-02   5.68183e-02   1.49156e-02
   5  sl1         -1.44304e-01   1.09813e-02   3.71690e-03  -1.71387e-01
                               ERR DEF= 0.5
 EXTERNAL ERROR MATRIX.    NDIM=  25    NPAR=  5    ERR DEF=0.5
  3.720e+04  1.191e+04 -1.388e-01 -7.579e-01 -9.852e-02 
  1.191e+04  1.247e+04 -1.401e-01 -7.658e-01 -9.973e-02 
 -1.388e-01 -1.401e-01  2.343e-04  3.775e-05  2.665e-05 
 -7.579e-01 -7.658e-01  3.775e-05  1.729e-04  9.519e-06 
 -9.852e-02 -9.973e-02  2.665e-05  9.519e-06  1.206e-04 
 PARAMETER  CORRELATION COEFFICIENTS  
       NO.  GLOBAL      1      2      3      4      5
        1  0.55315   1.000  0.553 -0.047 -0.299 -0.047
        2  0.66833   0.553  1.000 -0.082 -0.521 -0.081
        3  0.23947  -0.047 -0.082  1.000  0.188  0.159
        4  0.54143  -0.299 -0.521  0.188  1.000  0.066
        5  0.17273  -0.047 -0.081  0.159  0.066  1.000
Real time 0:00:00, CP time 0.190
Real time 0:00:00, CP time 0.190
 **********
 **    7 **SET ERR         0.5
 **********
 **********
 **    8 **SET PRINT           1
 **********
 **********
 **    9 **HESSE        2500
 **********
 COVARIANCE MATRIX CALCULATED SUCCESSFULLY
 FCN=-242490 FROM HESSE     STATUS=OK             31 CALLS         839 TOTAL
                     EDM=2.9634e-05    STRATEGY= 1      ERROR MATRIX ACCURATE 
  EXT PARAMETER                                INTERNAL      INTERNAL  
  NO.   NAME      VALUE            ERROR       STEP SIZE       VALUE   
   1  N_Bkg        2.54357e+04   2.02335e+02   6.51982e-06   1.36731e+02
   2  N_Jpsi       3.98147e+02   1.26170e+02   1.78944e-05  -2.02645e+02
   3  m_{J/#Psi}   3.68228e+00   1.52495e-02   2.01952e-03  -3.10435e+00
   4  sigma_1_A    4.56900e-02   1.46858e-02   2.27273e-03  -3.54675e-01
   5  sl1         -1.44304e-01   1.10022e-02   7.43380e-04  -1.44810e-01
                               ERR DEF= 0.5
 EXTERNAL ERROR MATRIX.    NDIM=  25    NPAR=  5    ERR DEF=0.5
  4.094e+04  1.551e+04 -2.930e-01 -1.216e+00 -1.427e-01 
  1.551e+04  1.592e+04 -2.932e-01 -1.217e+00 -1.428e-01 
 -2.930e-01 -2.932e-01  2.344e-04  4.774e-05  2.784e-05 
 -1.216e+00 -1.217e+00  4.774e-05  2.194e-04  1.402e-05 
 -1.427e-01 -1.428e-01  2.784e-05  1.402e-05  1.211e-04 
 PARAMETER  CORRELATION COEFFICIENTS  
       NO.  GLOBAL      1      2      3      4      5
        1  0.60778   1.000  0.608 -0.095 -0.406 -0.064
        2  0.75256   0.608  1.000 -0.152 -0.651 -0.103
        3  0.25737  -0.095 -0.152  1.000  0.211  0.165
        4  0.66093  -0.406 -0.651  0.211  1.000  0.086
        5  0.18307  -0.064 -0.103  0.165  0.086  1.000
Real time 0:00:00, CP time 0.010
Real time 0:00:00, CP time 0.200, 2 slices

********* Finished Mass Dist. Fit **************


  RooFitResult: minimized FCN value: -242490, estimated distance to minimum: 2.9634e-05
                covariance matrix quality: Full, accurate covariance matrix
                Status : MINIMIZE=0 HESSE=0 

    Constant Parameter    Value     
  --------------------  ------------
             alpha_1_A    1.6404e+00
                     f    6.5090e-01
                 n_1_A    2.7062e+00
                   x_A    1.4513e+00

    Floating Parameter  InitialValue    FinalValue +/-  Error     GblCorr.
  --------------------  ------------  --------------------------  --------
                 N_Bkg    1.0000e+07    2.5436e+04 +/-  2.02e+02  <none>
                N_Jpsi    5.0000e+06    3.9815e+02 +/-  1.26e+02  <none>
            m_{J/#Psi}    3.6860e+00    3.6823e+00 +/-  1.52e-02  <none>
             sigma_1_A    4.6057e-02    4.5690e-02 +/-  1.47e-02  <none>
                   sl1    0.0000e+00   -1.4430e-01 +/-  1.10e-02  <none>

sigma_lower = 0	sigma_higher = 0.14
 *** NLL : -242490.490887676
Info in <TCanvas::Print>: pdf file figs/PRMC/Mass_Fixed_pt6.5-9.0_y1.6-2.4_muPt0.0_centrality0-180_PRw_Effw0_Accw0_PtW0_TnP0.pdf has been created

Processing MassFit_FixPar_Data.C(9,12,1.6,2.4,0,180,1)...

[1mRooFit v3.60 -- Developed by Wouter Verkerke and David Kirkby[0m 
                Copyright (C) 2000-2013 NIKHEF, University of California & Stanford University
                All rights reserved, please read http://roofit.sourceforge.net/license.txt

l_cut: 0.0265
RooDataSet::dataset[mass,pt,y,pt1,pt2,eta1,eta2,weight,cBin,recoQQsign,NumDimu,ctau3D,ctau3DErr,ctau3DRes,ctau3D2S,ctau3DErr2S,ctau3DRes2S] = 638945 entries
pt: 9-12, y: 1.6-2.4, Cent: 0-180%
####################################
******** New Combined Dataset ***********
RooRealVar::mass = 3.41342  L(3.3 - 4.1) // [GeV/c^{2}]
sigma lower : 0	sigma higher : 0.14
psi 2S MASS : 3.686

********* Starting Mass Dist. Fit **************

 **********
 **    1 **SET PRINT           1
 **********
 **********
 **    2 **SET NOGRAD
 **********
 PARAMETER DEFINITIONS:
    NO.   NAME         VALUE      STEP SIZE      LIMITS
     1 N_Bkg        2.50000e+04  5.00000e+03    0.00000e+00  5.00000e+04
     2 N_Jpsi       5.00000e+02  1.00000e+02    0.00000e+00  1.00000e+03
     3 m_{J/#Psi}   3.68600e+00  2.00000e-02    3.58600e+00  3.78600e+00
     4 sigma_1_A    4.81646e-02  1.40000e-02    0.00000e+00  1.40000e-01
     5 sl1          0.00000e+00  2.00000e-01   -1.00000e+00  1.00000e+00
 **********
 **    3 **SET ERR         0.5
 **********
 **********
 **    4 **SET PRINT           1
 **********
 **********
 **    5 **SET STR           1
 **********
 NOW USING STRATEGY  1: TRY TO BALANCE SPEED AGAINST RELIABILITY
 **********
 **    6 **MIGRAD        2500           1
 **********
 FIRST CALL TO USER FUNCTION AT NEW START POINT, WITH IFLAG=4.
 START MIGRAD MINIMIZATION.  STRATEGY  1.  CONVERGENCE WHEN EDM .LT. 1.00e-03
 FCN=-33907.7 FROM MIGRAD    STATUS=INITIATE       18 CALLS          19 TOTAL
                     EDM= unknown      STRATEGY= 1      NO ERROR MATRIX       
  EXT PARAMETER               CURRENT GUESS       STEP         FIRST   
  NO.   NAME      VALUE            ERROR          SIZE      DERIVATIVE 
   1  N_Bkg        2.50000e+04   5.00000e+03   2.01358e-01   1.93916e+04
   2  N_Jpsi       5.00000e+02   1.00000e+02   2.01358e-01   3.80293e+02
   3  m_{J/#Psi}   3.68600e+00   2.00000e-02   2.01358e-01   2.64903e+00
   4  sigma_1_A    4.81646e-02   1.40000e-02   2.12633e-01   5.55581e+00
   5  sl1          0.00000e+00   2.00000e-01   2.01358e-01   1.35643e+02
                               ERR DEF= 0.5
 MIGRAD MINIMIZATION HAS CONVERGED.
 MIGRAD WILL VERIFY CONVERGENCE AND ERROR MATRIX.
 COVARIANCE MATRIX CALCULATED SUCCESSFULLY
 FCN=-45135.1 FROM MIGRAD    STATUS=CONVERGED     283 CALLS         284 TOTAL
                     EDM=3.36904e-06    STRATEGY= 1      ERROR MATRIX ACCURATE 
  EXT PARAMETER                                   STEP         FIRST   
  NO.   NAME      VALUE            ERROR          SIZE      DERIVATIVE 
   1  N_Bkg        5.46712e+03   9.99714e+01   7.09910e-04  -1.28411e-01
   2  N_Jpsi       2.60831e+02   6.90306e+01   1.44499e-02  -3.65241e-03
   3  m_{J/#Psi}   3.68250e+00   1.34508e-02   1.94480e-02   2.45134e-03
   4  sigma_1_A    5.39407e-02   1.51082e-02   2.39339e-02   7.60088e-03
   5  sl1         -6.90569e-02   2.39912e-02   3.44752e-03  -1.47761e-02
                               ERR DEF= 0.5
 EXTERNAL ERROR MATRIX.    NDIM=  25    NPAR=  5    ERR DEF=0.5
  9.994e+03 -4.536e+03  6.171e-02 -7.215e-01 -1.799e-01 
 -4.536e+03  4.805e+03 -6.187e-02  7.237e-01  1.803e-01 
  6.171e-02 -6.187e-02  1.820e-04 -1.286e-05 -6.140e-05 
 -7.215e-01  7.237e-01 -1.286e-05  2.321e-04  3.039e-05 
 -1.799e-01  1.803e-01 -6.140e-05  3.039e-05  5.757e-04 
 PARAMETER  CORRELATION COEFFICIENTS  
       NO.  GLOBAL      1      2      3      4      5
        1  0.65542   1.000 -0.654  0.046 -0.474 -0.075
        2  0.78191  -0.654  1.000 -0.066  0.685  0.108
        3  0.19633   0.046 -0.066  1.000 -0.063 -0.190
        4  0.68636  -0.474  0.685 -0.063  1.000  0.083
        5  0.21280  -0.075  0.108 -0.190  0.083  1.000
Real time 0:00:00, CP time 0.070
Real time 0:00:00, CP time 0.070
 **********
 **    7 **SET ERR         0.5
 **********
 **********
 **    8 **SET PRINT           1
 **********
 **********
 **    9 **HESSE        2500
 **********
 COVARIANCE MATRIX CALCULATED SUCCESSFULLY
 FCN=-45135.1 FROM HESSE     STATUS=OK             31 CALLS         315 TOTAL
                     EDM=3.46212e-06    STRATEGY= 1      ERROR MATRIX ACCURATE 
  EXT PARAMETER                                INTERNAL      INTERNAL  
  NO.   NAME      VALUE            ERROR       STEP SIZE       VALUE   
   1  N_Bkg        5.46712e+03   1.01091e+02   1.41982e-04  -8.96770e-01
   2  N_Jpsi       2.60831e+02   7.05159e+01   5.77994e-04  -6.78195e+00
   3  m_{J/#Psi}   3.68250e+00   1.34964e-02   7.77918e-04  -3.49669e-02
   4  sigma_1_A    5.39407e-02   1.54758e-02   9.57357e-04  -2.31480e-01
   5  sl1         -6.90569e-02   2.40055e-02   6.89504e-04  -6.91119e-02
                               ERR DEF= 0.5
 EXTERNAL ERROR MATRIX.    NDIM=  25    NPAR=  5    ERR DEF=0.5
  1.022e+04 -4.754e+03  7.406e-02 -7.754e-01 -1.918e-01 
 -4.754e+03  5.016e+03 -7.408e-02  7.757e-01  1.919e-01 
  7.406e-02 -7.408e-02  1.833e-04 -1.914e-05 -6.223e-05 
 -7.754e-01  7.757e-01 -1.914e-05  2.437e-04  3.439e-05 
 -1.918e-01  1.919e-01 -6.223e-05  3.439e-05  5.764e-04 
 PARAMETER  CORRELATION COEFFICIENTS  
       NO.  GLOBAL      1      2      3      4      5
        1  0.66493   1.000 -0.664  0.054 -0.491 -0.079
        2  0.79230  -0.664  1.000 -0.077  0.702  0.113
        3  0.20513   0.054 -0.077  1.000 -0.091 -0.191
        4  0.70335  -0.491  0.702 -0.091  1.000  0.092
        5  0.21545  -0.079  0.113 -0.191  0.092  1.000
Real time 0:00:00, CP time 0.000
Real time 0:00:00, CP time 0.070, 2 slices

********* Finished Mass Dist. Fit **************


  RooFitResult: minimized FCN value: -45135.1, estimated distance to minimum: 3.46212e-06
                covariance matrix quality: Full, accurate covariance matrix
                Status : MINIMIZE=0 HESSE=0 

    Constant Parameter    Value     
  --------------------  ------------
             alpha_1_A    1.5571e+00
                     f    8.1220e-01
                 n_1_A    3.8362e+00
                   x_A    1.6686e+00

    Floating Parameter  InitialValue    FinalValue +/-  Error     GblCorr.
  --------------------  ------------  --------------------------  --------
                 N_Bkg    2.5000e+04    5.4671e+03 +/-  1.01e+02  <none>
                N_Jpsi    5.0000e+02    2.6083e+02 +/-  7.05e+01  <none>
            m_{J/#Psi}    3.6860e+00    3.6825e+00 +/-  1.35e-02  <none>
             sigma_1_A    4.8165e-02    5.3941e-02 +/-  1.55e-02  <none>
                   sl1    0.0000e+00   -6.9057e-02 +/-  2.40e-02  <none>

sigma_lower = 0	sigma_higher = 0.14
 *** NLL : -45135.1018723825
Info in <TCanvas::Print>: pdf file figs/PRMC/Mass_Fixed_pt9.0-12.0_y1.6-2.4_muPt0.0_centrality0-180_PRw_Effw0_Accw0_PtW0_TnP0.pdf has been created

Processing MassFit_FixPar_Data.C(12,40,1.6,2.4,0,180,1)...

[1mRooFit v3.60 -- Developed by Wouter Verkerke and David Kirkby[0m 
                Copyright (C) 2000-2013 NIKHEF, University of California & Stanford University
                All rights reserved, please read http://roofit.sourceforge.net/license.txt

l_cut: 0.0195
RooDataSet::dataset[mass,pt,y,pt1,pt2,eta1,eta2,weight,cBin,recoQQsign,NumDimu,ctau3D,ctau3DErr,ctau3DRes,ctau3D2S,ctau3DErr2S,ctau3DRes2S] = 638945 entries
pt: 12-40, y: 1.6-2.4, Cent: 0-180%
####################################
******** New Combined Dataset ***********
RooRealVar::mass = 3.41342  L(3.3 - 4.1) // [GeV/c^{2}]
sigma lower : 0	sigma higher : 0.14
psi 2S MASS : 3.686

********* Starting Mass Dist. Fit **************

 **********
 **    1 **SET PRINT           1
 **********
 **********
 **    2 **SET NOGRAD
 **********
 PARAMETER DEFINITIONS:
    NO.   NAME         VALUE      STEP SIZE      LIMITS
     1 N_Bkg        2.50000e+05  5.00000e+04    0.00000e+00  5.00000e+05
     2 N_Jpsi       5.00000e+03  1.00000e+03    0.00000e+00  1.00000e+04
     3 m_{J/#Psi}   3.68600e+00  2.00000e-02    3.58600e+00  3.78600e+00
     4 sigma_1_A    4.67968e-02  1.40000e-02    0.00000e+00  1.40000e-01
     5 sl1          0.00000e+00  2.00000e-01   -1.00000e+00  1.00000e+00
 **********
 **    3 **SET ERR         0.5
 **********
 **********
 **    4 **SET PRINT           1
 **********
 **********
 **    5 **SET STR           1
 **********
 NOW USING STRATEGY  1: TRY TO BALANCE SPEED AGAINST RELIABILITY
 **********
 **    6 **MIGRAD        2500           1
 **********
 FIRST CALL TO USER FUNCTION AT NEW START POINT, WITH IFLAG=4.
 START MIGRAD MINIMIZATION.  STRATEGY  1.  CONVERGENCE WHEN EDM .LT. 1.00e-03
 FCN=230193 FROM MIGRAD    STATUS=INITIATE       20 CALLS          21 TOTAL
                     EDM= unknown      STRATEGY= 1      NO ERROR MATRIX       
  EXT PARAMETER               CURRENT GUESS       STEP         FIRST   
  NO.   NAME      VALUE            ERROR          SIZE      DERIVATIVE 
   1  N_Bkg        2.50000e+05   5.00000e+04   2.01358e-01   2.48085e+05
   2  N_Jpsi       5.00000e+03   1.00000e+03   2.01358e-01   4.92742e+03
   3  m_{J/#Psi}   3.68600e+00   2.00000e-02   2.01358e-01   1.97495e+00
   4  sigma_1_A    4.67968e-02   1.40000e-02   2.14242e-01   4.70867e+00
   5  sl1          0.00000e+00   2.00000e-01   2.01358e-01   1.34722e+01
                               ERR DEF= 0.5
 MINUIT WARNING IN MIGRAD  
 ============== Negative diagonal element 1 in Error Matrix
 MINUIT WARNING IN MIGRAD  
 ============== 1.00021 added to diagonal of error matrix
 MIGRAD FAILS TO FIND IMPROVEMENT
 MINUIT WARNING IN HESSE   
 ============== Negative diagonal element 3 in Error Matrix
 MINUIT WARNING IN HESSE   
 ============== 1.48806 added to diagonal of error matrix
 EIGENVALUES OF SECOND-DERIVATIVE MATRIX:
        -1.3327e+00  9.2639e-01  9.9810e-01  1.1374e+00  3.2709e+00
 MINUIT WARNING IN HESSE   
 ============== MATRIX FORCED POS-DEF BY ADDING 1.336004 TO DIAGONAL.
 FCN=-12159.3 FROM HESSE     STATUS=NOT POSDEF     31 CALLS         138 TOTAL
                     EDM=1399.38    STRATEGY= 1      ERR MATRIX NOT POS-DEF
  EXT PARAMETER                APPROXIMATE        STEP         FIRST   
  NO.   NAME      VALUE            ERROR          SIZE      DERIVATIVE 
   1  N_Bkg        4.84528e+03   7.30185e+01   1.15225e-04  -2.94966e+04
   2  N_Jpsi       6.77651e+01   7.06022e+01   1.40310e-03   4.62582e+02
   3  m_{J/#Psi}   3.74428e+00   1.10441e-01   4.41414e-02   3.62949e+00
   4  sigma_1_A    6.43630e-02   8.63292e-02   2.01943e-02  -1.50124e+00
   5  sl1          3.96490e-02   4.74710e-02   3.11861e-03   4.16405e+01
                               ERR DEF= 0.5
 MIGRAD MINIMIZATION HAS CONVERGED.
 MIGRAD WILL VERIFY CONVERGENCE AND ERROR MATRIX.
 COVARIANCE MATRIX CALCULATED SUCCESSFULLY
 FCN=-13330.4 FROM MIGRAD    STATUS=CONVERGED     383 CALLS         384 TOTAL
                     EDM=0.000134184    STRATEGY= 1      ERROR MATRIX ACCURATE 
  EXT PARAMETER                                   STEP         FIRST   
  NO.   NAME      VALUE            ERROR          SIZE      DERIVATIVE 
   1  N_Bkg        1.77366e+03   6.02121e+01   1.17683e-04   2.13158e+00
   2  N_Jpsi       1.83151e+02   4.50897e+01   1.63967e-03  -4.35584e-01
   3  m_{J/#Psi}   3.67547e+00   1.34115e-02   1.05156e-02  -6.97022e-03
   4  sigma_1_A    5.56458e-02   1.47371e-02   1.23786e-02   6.69887e-02
   5  sl1         -2.66224e-03   4.27509e-02   3.29696e-03  -5.76582e-02
                               ERR DEF= 0.5
 EXTERNAL ERROR MATRIX.    NDIM=  25    NPAR=  5    ERR DEF=0.5
  3.626e+03  1.851e+03 -3.705e-02  4.651e-01  2.802e-01 
  1.851e+03  2.034e+03 -3.704e-02  4.652e-01  2.801e-01 
 -3.705e-02 -3.704e-02  1.810e-04 -1.381e-05 -1.253e-04 
  4.651e-01  4.652e-01 -1.381e-05  2.206e-04  7.227e-05 
  2.802e-01  2.801e-01 -1.253e-04  7.227e-05  1.829e-03 
 PARAMETER  CORRELATION COEFFICIENTS  
       NO.  GLOBAL      1      2      3      4      5
        1  0.68494   1.000  0.682 -0.046  0.520  0.109
        2  0.79074   0.682  1.000 -0.061  0.694  0.145
        3  0.22233  -0.046 -0.061  1.000 -0.069 -0.218
        4  0.69792   0.520  0.694 -0.069  1.000  0.114
        5  0.25524   0.109  0.145 -0.218  0.114  1.000
Real time 0:00:00, CP time 0.090
Real time 0:00:00, CP time 0.090
 **********
 **    7 **SET ERR         0.5
 **********
 **********
 **    8 **SET PRINT           1
 **********
 **********
 **    9 **HESSE        2500
 **********
 COVARIANCE MATRIX CALCULATED SUCCESSFULLY
 FCN=-13330.4 FROM HESSE     STATUS=OK             31 CALLS         415 TOTAL
                     EDM=0.000132855    STRATEGY= 1      ERROR MATRIX ACCURATE 
  EXT PARAMETER                                INTERNAL      INTERNAL  
  NO.   NAME      VALUE            ERROR       STEP SIZE       VALUE   
   1  N_Bkg        1.77366e+03   6.02831e+01   2.35367e-05   3.60091e+01
   2  N_Jpsi       1.83151e+02   4.51905e+01   3.27934e-04   2.31179e+02
   3  m_{J/#Psi}   3.67547e+00   1.33665e-02   2.10313e-03  -6.38864e+00
   4  sigma_1_A    5.56458e-02   1.46694e-02   4.95146e-04   1.31740e+02
   5  sl1         -2.66224e-03   4.27310e-02   6.59393e-04  -2.66224e-03
                               ERR DEF= 0.5
 EXTERNAL ERROR MATRIX.    NDIM=  25    NPAR=  5    ERR DEF=0.5
  3.634e+03  1.860e+03 -3.096e-02  4.654e-01  2.770e-01 
  1.860e+03  2.043e+03 -3.095e-02  4.654e-01  2.769e-01 
 -3.096e-02 -3.095e-02  1.797e-04 -1.183e-05 -1.236e-04 
  4.654e-01  4.654e-01 -1.183e-05  2.186e-04  7.092e-05 
  2.770e-01  2.769e-01 -1.236e-04  7.092e-05  1.827e-03 
 PARAMETER  CORRELATION COEFFICIENTS  
       NO.  GLOBAL      1      2      3      4      5
        1  0.68586   1.000  0.683 -0.038  0.522  0.107
        2  0.79180   0.683  1.000 -0.051  0.696  0.143
        3  0.21864  -0.038 -0.051  1.000 -0.060 -0.216
        4  0.69986   0.522  0.696 -0.060  1.000  0.112
        5  0.25353   0.107  0.143 -0.216  0.112  1.000
Real time 0:00:00, CP time 0.000
Real time 0:00:00, CP time 0.090, 2 slices

********* Finished Mass Dist. Fit **************


  RooFitResult: minimized FCN value: -13330.4, estimated distance to minimum: 0.000132855
                covariance matrix quality: Full, accurate covariance matrix
                Status : MINIMIZE=0 HESSE=0 

    Constant Parameter    Value     
  --------------------  ------------
             alpha_1_A    1.7526e+00
                     f    6.7021e-01
                 n_1_A    2.4943e+00
                   x_A    1.6002e+00

    Floating Parameter  InitialValue    FinalValue +/-  Error     GblCorr.
  --------------------  ------------  --------------------------  --------
                 N_Bkg    2.5000e+05    1.7737e+03 +/-  6.03e+01  <none>
                N_Jpsi    5.0000e+03    1.8315e+02 +/-  4.52e+01  <none>
            m_{J/#Psi}    3.6860e+00    3.6755e+00 +/-  1.34e-02  <none>
             sigma_1_A    4.6797e-02    5.5646e-02 +/-  1.47e-02  <none>
                   sl1    0.0000e+00   -2.6622e-03 +/-  4.27e-02  <none>

sigma_lower = 0	sigma_higher = 0.14
 *** NLL : -13330.3866374824
Info in <TCanvas::Print>: pdf file figs/PRMC/Mass_Fixed_pt12.0-40.0_y1.6-2.4_muPt0.0_centrality0-180_PRw_Effw0_Accw0_PtW0_TnP0.pdf has been created

Processing MassFit_FixPar_Data.C(6.5,9,0,1.6,0,180,1)...

[1mRooFit v3.60 -- Developed by Wouter Verkerke and David Kirkby[0m 
                Copyright (C) 2000-2013 NIKHEF, University of California & Stanford University
                All rights reserved, please read http://roofit.sourceforge.net/license.txt

l_cut: 0.0255
RooDataSet::dataset[mass,pt,y,pt1,pt2,eta1,eta2,weight,cBin,recoQQsign,NumDimu,ctau3D,ctau3DErr,ctau3DRes,ctau3D2S,ctau3DErr2S,ctau3DRes2S] = 638945 entries
pt: 6.5-9, y: 0-1.6, Cent: 0-180%
####################################
******** New Combined Dataset ***********
RooRealVar::mass = 3.41342  L(3.3 - 4.1) // [GeV/c^{2}]
sigma lower : 0.0499058	sigma higher : 0.0523201
psi 2S MASS : 3.686

********* Starting Mass Dist. Fit **************

 **********
 **    1 **SET PRINT           1
 **********
 **********
 **    2 **SET NOGRAD
 **********
 PARAMETER DEFINITIONS:
    NO.   NAME         VALUE      STEP SIZE      LIMITS
     1 N_Bkg        2.50000e+05  5.00000e+04    0.00000e+00  5.00000e+05
     2 N_Jpsi       1.50000e+03  3.00000e+02    0.00000e+00  3.00000e+03
     3 m_{J/#Psi}   3.68600e+00  2.00000e-02    3.58600e+00  3.78600e+00
     4 sigma_1_A    5.11130e-02  2.41431e-04    4.99058e-02  5.23201e-02
     5 sl1          0.00000e+00  2.00000e-01   -1.00000e+00  1.00000e+00
 **********
 **    3 **SET ERR         0.5
 **********
 **********
 **    4 **SET PRINT           1
 **********
 **********
 **    5 **SET STR           1
 **********
 NOW USING STRATEGY  1: TRY TO BALANCE SPEED AGAINST RELIABILITY
 **********
 **    6 **MIGRAD        2500           1
 **********
 FIRST CALL TO USER FUNCTION AT NEW START POINT, WITH IFLAG=4.
 START MIGRAD MINIMIZATION.  STRATEGY  1.  CONVERGENCE WHEN EDM .LT. 1.00e-03
 FCN=-103834 FROM MIGRAD    STATUS=INITIATE       18 CALLS          19 TOTAL
                     EDM= unknown      STRATEGY= 1      NO ERROR MATRIX       
  EXT PARAMETER               CURRENT GUESS       STEP         FIRST   
  NO.   NAME      VALUE            ERROR          SIZE      DERIVATIVE 
   1  N_Bkg        2.50000e+05   5.00000e+04   2.01358e-01   2.22103e+05
   2  N_Jpsi       1.50000e+03   3.00000e+02   2.01358e-01   1.32449e+03
   3  m_{J/#Psi}   3.68600e+00   2.00000e-02   2.01358e-01  -7.31743e+00
   4  sigma_1_A    5.11130e-02   2.41431e-04   2.01358e-01   8.79260e-02
   5  sl1          0.00000e+00   2.00000e-01   2.01358e-01  -1.47038e+03
                               ERR DEF= 0.5
 MIGRAD MINIMIZATION HAS CONVERGED.
 MIGRAD WILL VERIFY CONVERGENCE AND ERROR MATRIX.
 COVARIANCE MATRIX CALCULATED SUCCESSFULLY
 FCN=-265838 FROM MIGRAD    STATUS=CONVERGED     190 CALLS         191 TOTAL
                     EDM=6.89354e-05    STRATEGY= 1      ERROR MATRIX ACCURATE 
  EXT PARAMETER                                   STEP         FIRST   
  NO.   NAME      VALUE            ERROR          SIZE      DERIVATIVE 
   1  N_Bkg        2.76192e+04   1.84043e+02   5.21959e-04  -7.89847e-01
   2  N_Jpsi       4.50988e+02   8.12161e+01   2.44919e-02  -1.61471e-02
   3  m_{J/#Psi}   3.68780e+00   8.62663e-03   3.06283e-02   6.73662e-02
   4  sigma_1_A    5.11933e-02   1.70218e-03   3.62738e-01  -5.22922e-03
   5  sl1          1.60331e-01   1.03769e-02   3.72207e-03  -7.75277e-02
                               ERR DEF= 0.5
 EXTERNAL ERROR MATRIX.    NDIM=  25    NPAR=  5    ERR DEF=0.5
  3.387e+04  6.208e+03 -8.202e-03 -9.385e-03  3.705e-02 
  6.208e+03  6.609e+03 -8.088e-03 -9.345e-03  3.678e-02 
 -8.202e-03 -8.088e-03  7.460e-05 -3.182e-07 -8.671e-06 
 -9.385e-03 -9.345e-03 -3.182e-07  1.520e-06 -2.928e-08 
  3.705e-02  3.678e-02 -8.671e-06 -2.928e-08  1.077e-04 
 PARAMETER  CORRELATION COEFFICIENTS  
       NO.  GLOBAL      1      2      3      4      5
        1  0.41497   1.000  0.415 -0.005 -0.041  0.019
        2  0.42345   0.415  1.000 -0.012 -0.093  0.044
        3  0.10183  -0.005 -0.012  1.000 -0.030 -0.097
        4  0.09830  -0.041 -0.093 -0.030  1.000 -0.002
        5  0.10568   0.019  0.044 -0.097 -0.002  1.000
Real time 0:00:00, CP time 0.060
Real time 0:00:00, CP time 0.060
 **********
 **    7 **SET ERR         0.5
 **********
 **********
 **    8 **SET PRINT           1
 **********
 **********
 **    9 **HESSE        2500
 **********
 COVARIANCE MATRIX CALCULATED SUCCESSFULLY
 FCN=-265838 FROM HESSE     STATUS=OK             31 CALLS         222 TOTAL
                     EDM=6.69592e-05    STRATEGY= 1      ERROR MATRIX ACCURATE 
  EXT PARAMETER                                INTERNAL      INTERNAL  
  NO.   NAME      VALUE            ERROR       STEP SIZE       VALUE   
   1  N_Bkg        2.76192e+04   1.83711e+02   2.08784e-05  -1.46117e+01
   2  N_Jpsi       4.50988e+02   8.10245e+01   9.79678e-04  -4.21748e+02
   3  m_{J/#Psi}   3.68780e+00   8.58468e-03   1.22513e-03   1.79827e-02
   4  sigma_1_A    5.11933e-02   1.69567e-03   1.45095e-02   3.07499e+00
   5  sl1          1.60331e-01   1.03751e-02   7.44415e-04   1.61026e-01
                               ERR DEF= 0.5
 EXTERNAL ERROR MATRIX.    NDIM=  25    NPAR=  5    ERR DEF=0.5
  3.375e+04  6.129e+03  1.017e-02 -8.524e-03  3.416e-02 
  6.129e+03  6.577e+03  1.017e-02 -8.522e-03  3.415e-02 
  1.017e-02  1.017e-02  7.388e-05 -2.942e-07 -8.494e-06 
 -8.524e-03 -8.522e-03 -2.942e-07  1.453e-06 -2.642e-08 
  3.416e-02  3.415e-02 -8.494e-06 -2.642e-08  1.076e-04 
 PARAMETER  CORRELATION COEFFICIENTS  
       NO.  GLOBAL      1      2      3      4      5
        1  0.41135   1.000  0.411  0.006 -0.038  0.018
        2  0.41901   0.411  1.000  0.015 -0.087  0.041
        3  0.10074   0.006  0.015  1.000 -0.028 -0.095
        4  0.09135  -0.038 -0.087 -0.028  1.000 -0.002
        5  0.10410   0.018  0.041 -0.095 -0.002  1.000
Real time 0:00:00, CP time 0.000
Real time 0:00:00, CP time 0.060, 2 slices

********* Finished Mass Dist. Fit **************


  RooFitResult: minimized FCN value: -265838, estimated distance to minimum: 6.69592e-05
                covariance matrix quality: Full, accurate covariance matrix
                Status : MINIMIZE=0 HESSE=0 

    Constant Parameter    Value     
  --------------------  ------------
             alpha_1_A    1.7749e+00
                     f    3.5986e-01
                 n_1_A    1.8789e+00
                   x_A    5.7969e-01

    Floating Parameter  InitialValue    FinalValue +/-  Error     GblCorr.
  --------------------  ------------  --------------------------  --------
                 N_Bkg    2.5000e+05    2.7619e+04 +/-  1.84e+02  <none>
                N_Jpsi    1.5000e+03    4.5099e+02 +/-  8.10e+01  <none>
            m_{J/#Psi}    3.6860e+00    3.6878e+00 +/-  8.58e-03  <none>
             sigma_1_A    5.1113e-02    5.1193e-02 +/-  1.70e-03  <none>
                   sl1    0.0000e+00    1.6033e-01 +/-  1.04e-02  <none>

sigma_lower = 0.0499058	sigma_higher = 0.0523201
 *** NLL : -265837.684298469
Info in <TCanvas::Print>: pdf file figs/PRMC/Mass_Fixed_pt6.5-9.0_y0.0-1.6_muPt0.0_centrality0-180_PRw_Effw0_Accw0_PtW0_TnP0.pdf has been created

Processing MassFit_FixPar_Data.C(9,12,0,1.6,0,180,1)...

