
[1mRooFit v3.60 -- Developed by Wouter Verkerke and David Kirkby[0m 
                Copyright (C) 2000-2013 NIKHEF, University of California & Stanford University
                All rights reserved, please read http://roofit.sourceforge.net/license.txt


Processing MassFit_FixPar_Data.C(3.5,6.5,1.6,2.4,0,180,1)...

[1mRooFit v3.60 -- Developed by Wouter Verkerke and David Kirkby[0m 
                Copyright (C) 2000-2013 NIKHEF, University of California & Stanford University
                All rights reserved, please read http://roofit.sourceforge.net/license.txt

l_cut: 0.0395
RooDataSet::dataset[mass,pt,y,pt1,pt2,eta1,eta2,weight,cBin,recoQQsign,NumDimu,ctau3D,ctau3DErr,ctau3DRes,ctau3D2S,ctau3DErr2S,ctau3DRes2S] = 638945 entries
pt: 3.5-6.5, y: 1.6-2.4, Cent: 0-180%
####################################
******** New Combined Dataset ***********
RooRealVar::mass = 3.41342  L(3.3 - 4.1) // [GeV/c^{2}]
psi 2S MASS : 3.686
1e+07

********* Starting Mass Dist. Fit **************

 **********
 **    1 **SET PRINT           1
 **********
 **********
 **    2 **SET NOGRAD
 **********
 PARAMETER DEFINITIONS:
    NO.   NAME         VALUE      STEP SIZE      LIMITS
     1 N_Bkg        1.00000e+07  2.00000e+06    0.00000e+00  2.00000e+07
 MINUIT WARNING IN PARAM DEF
 ============== LIMITS ON PARAM1 TOO FAR APART.
 PARAMETER DEFINITIONS:
    NO.   NAME         VALUE      STEP SIZE      LIMITS
     2 N_Jpsi       5.00000e+06  1.00000e+06    0.00000e+00  1.00000e+07
     3 m_{J/#Psi}   3.68600e+00  2.00000e-02    3.58600e+00  3.78600e+00
     4 sigma_1_A    3.77733e-02  1.88867e-02    0.00000e+00  5.00000e-01
     5 sl1          0.00000e+00  2.00000e-01   -1.00000e+00  1.00000e+00
     6 sl2          0.00000e+00  2.00000e-01   -1.00000e+00  1.00000e+00
 **********
 **    3 **SET ERR         0.5
 **********
 **********
 **    4 **SET PRINT           1
 **********
 **********
 **    5 **SET STR           1
 **********
 NOW USING STRATEGY  1: TRY TO BALANCE SPEED AGAINST RELIABILITY
 **********
 **    6 **MIGRAD        3000           1
 **********
 FIRST CALL TO USER FUNCTION AT NEW START POINT, WITH IFLAG=4.
 START MIGRAD MINIMIZATION.  STRATEGY  1.  CONVERGENCE WHEN EDM .LT. 1.00e-03
 FCN=1.23912e+07 FROM MIGRAD    STATUS=INITIATE       24 CALLS          25 TOTAL
                     EDM= unknown      STRATEGY= 1      NO ERROR MATRIX       
  EXT PARAMETER               CURRENT GUESS       STEP         FIRST   
  NO.   NAME      VALUE            ERROR          SIZE      DERIVATIVE 
   1  N_Bkg        1.00000e+07   2.00000e+06   2.01358e-01   9.87418e+06
   2  N_Jpsi       5.00000e+06   1.00000e+06   2.01358e-01   4.96806e+06
   3  m_{J/#Psi}   3.68600e+00   2.00000e-02   2.01358e-01   1.17735e+03
   4  sigma_1_A    3.77733e-02   1.88867e-02   1.47738e-01  -5.06069e+04
   5  sl1          0.00000e+00   2.00000e-01   2.01358e-01   2.08881e+03
   6  sl2          0.00000e+00   2.00000e-01   2.01358e-01  -1.61919e+04
                               ERR DEF= 0.5
 MIGRAD FAILS TO FIND IMPROVEMENT
 MIGRAD MINIMIZATION HAS CONVERGED.
 FCN=-1.75347e+06 FROM MIGRAD    STATUS=CONVERGED     417 CALLS         418 TOTAL
                     EDM=0.000256518    STRATEGY= 1  ERROR MATRIX UNCERTAINTY   5.5 per cent
  EXT PARAMETER                                   STEP         FIRST   
  NO.   NAME      VALUE            ERROR          SIZE      DERIVATIVE 
   1  N_Bkg        1.49902e+05   1.74970e+03  -0.00000e+00   1.41603e+01
   2  N_Jpsi       6.83847e+03   1.72163e+03   0.00000e+00  -1.20842e+01
   3  m_{J/#Psi}   3.64350e+00   2.66540e-02  -0.00000e+00   7.15855e-03
   4  sigma_1_A    1.50753e-01   6.10035e-03   0.00000e+00   2.90131e+00
   5  sl1         -7.93447e-02   8.19012e-03   0.00000e+00  -2.77773e+00
   6  sl2          8.27505e-03   1.04422e-02  -0.00000e+00   4.22398e-01
                               ERR DEF= 0.5
 EXTERNAL ERROR MATRIX.    NDIM=  25    NPAR=  6    ERR DEF=0.5
  3.061e+06 -2.934e+06  4.019e+00 -1.006e+01  4.605e+00  1.595e+01 
 -2.934e+06  2.964e+06 -3.560e+00  1.009e+01 -4.825e+00 -1.597e+01 
  4.019e+00 -3.560e+00  7.320e-04 -5.369e-05 -1.632e-04  6.719e-05 
 -1.006e+01  1.009e+01 -5.369e-05  3.722e-05 -7.613e-06 -5.764e-05 
  4.605e+00 -4.825e+00 -1.632e-04 -7.613e-06  6.708e-05  1.537e-05 
  1.595e+01 -1.597e+01  6.719e-05 -5.764e-05  1.537e-05  1.090e-04 
 PARAMETER  CORRELATION COEFFICIENTS  
       NO.  GLOBAL      1      2      3      4      5      6
        1  0.97504   1.000 -0.974  0.085 -0.943  0.321  0.873
        2  0.99322  -0.974  1.000 -0.076  0.960 -0.342 -0.888
        3  0.94841   0.085 -0.076  1.000 -0.325 -0.737  0.238
        4  0.99380  -0.943  0.960 -0.325  1.000 -0.152 -0.905
        5  0.85139   0.321 -0.342 -0.737 -0.152  1.000  0.180
        6  0.90762   0.873 -0.888  0.238 -0.905  0.180  1.000
Real time 0:00:04, CP time 0.130
Real time 0:00:04, CP time 0.130
 **********
 **    7 **SET ERR         0.5
 **********
 **********
 **    8 **SET PRINT           1
 **********
 **********
 **    9 **HESSE        3000
 **********
 COVARIANCE MATRIX CALCULATED SUCCESSFULLY
 FCN=-1.75347e+06 FROM HESSE     STATUS=OK             48 CALLS         466 TOTAL
                     EDM=0.178987    STRATEGY= 1      ERROR MATRIX ACCURATE 
  EXT PARAMETER                                INTERNAL      INTERNAL  
  NO.   NAME      VALUE            ERROR       STEP SIZE       VALUE   
   1  N_Bkg        1.49902e+05   2.05436e+03   2.09844e-04  -8.97088e+01
   2  N_Jpsi       6.83847e+03   2.03364e+03   1.26178e-03  -3.03216e+02
   3  m_{J/#Psi}   3.64350e+00   3.00427e-02   1.59733e-01  -4.38968e-01
   4  sigma_1_A    1.50753e-01   2.48164e-02   5.62670e-02  -4.08233e-01
   5  sl1         -7.93447e-02   1.03349e-02   4.15095e-03  -7.94282e-02
   6  sl2          8.27505e-03   1.14783e-02   4.01682e-03   8.27514e-03
                               ERR DEF= 0.5
 EXTERNAL ERROR MATRIX.    NDIM=  25    NPAR=  6    ERR DEF=0.5
  4.220e+06 -4.100e+06 -1.127e+01 -1.883e-01  9.989e+00  1.801e+01 
 -4.100e+06  4.136e+06  1.136e+01  2.049e-01 -1.006e+01 -1.814e+01 
 -1.127e+01  1.136e+01  9.378e-04  8.622e-05 -2.508e-04 -1.890e-05 
 -1.883e-01  2.049e-01  8.622e-05  6.183e-04 -8.653e-05 -1.374e-04 
  9.989e+00 -1.006e+01 -2.508e-04 -8.653e-05  1.068e-04  5.106e-05 
  1.801e+01 -1.814e+01 -1.890e-05 -1.374e-04  5.106e-05  1.318e-04 
 PARAMETER  CORRELATION COEFFICIENTS  
       NO.  GLOBAL      1      2      3      4      5      6
        1  0.98126   1.000 -0.981 -0.179 -0.004  0.470  0.764
        2  0.98406  -0.981  1.000  0.182  0.004 -0.479 -0.777
        3  0.85565  -0.179  0.182  1.000  0.113 -0.792 -0.054
        4  0.82002  -0.004  0.004  0.113  1.000 -0.337 -0.481
        5  0.89908   0.470 -0.479 -0.792 -0.337  1.000  0.430
        6  0.92390   0.764 -0.777 -0.054 -0.481  0.430  1.000
Real time 0:00:00, CP time 0.000
Real time 0:00:04, CP time 0.130, 2 slices

********* Finished Mass Dist. Fit **************


  RooFitResult: minimized FCN value: -1.75347e+06, estimated distance to minimum: 0.178987
                covariance matrix quality: Full, accurate covariance matrix
                Status : MINIMIZE=0 HESSE=0 

    Floating Parameter    FinalValue +/-  Error   
  --------------------  --------------------------
                 N_Bkg    1.4990e+05 +/-  2.05e+03
                N_Jpsi    6.8385e+03 +/-  2.03e+03
            m_{J/#Psi}    3.6435e+00 +/-  3.00e-02
             sigma_1_A    1.5075e-01 +/-  2.48e-02
                   sl1   -7.9345e-02 +/-  1.03e-02
                   sl2    8.2751e-03 +/-  1.15e-02

 *** NLL : -1753469.8337478
Info in <TCanvas::Print>: pdf file figs/PRMC/Mass_Fixed_pt3.5-6.5_y1.6-2.4_muPt0.0_centrality0-180_PRw_Effw0_Accw0_PtW0_TnP0.pdf has been created

###### Fit Convergence Check ######
Hesse: 0	 edm: 0.178986798883576	 mll: -1753469.8337478
[Fit Converged]

Processing MassFit_FixPar_Data.C(6.5,9,1.6,2.4,0,180,1)...

[1mRooFit v3.60 -- Developed by Wouter Verkerke and David Kirkby[0m 
                Copyright (C) 2000-2013 NIKHEF, University of California & Stanford University
                All rights reserved, please read http://roofit.sourceforge.net/license.txt

l_cut: 0.0305
RooDataSet::dataset[mass,pt,y,pt1,pt2,eta1,eta2,weight,cBin,recoQQsign,NumDimu,ctau3D,ctau3DErr,ctau3DRes,ctau3D2S,ctau3DErr2S,ctau3DRes2S] = 638945 entries
pt: 6.5-9, y: 1.6-2.4, Cent: 0-180%
####################################
******** New Combined Dataset ***********
RooRealVar::mass = 3.41342  L(3.3 - 4.1) // [GeV/c^{2}]
psi 2S MASS : 3.686
5000

********* Starting Mass Dist. Fit **************

 **********
 **    1 **SET PRINT           1
 **********
 **********
 **    2 **SET NOGRAD
 **********
 PARAMETER DEFINITIONS:
    NO.   NAME         VALUE      STEP SIZE      LIMITS
     1 N_Bkg        2.50000e+05  5.00000e+04    0.00000e+00  5.00000e+05
     2 N_Jpsi       2.50000e+03  5.00000e+02    0.00000e+00  5.00000e+03
     3 m_{J/#Psi}   3.68600e+00  2.00000e-02    3.58600e+00  3.78600e+00
     4 sigma_1_A    5.19896e-02  2.59948e-02    0.00000e+00  5.00000e-01
     5 sl1          0.00000e+00  2.00000e-01   -1.00000e+00  1.00000e+00
 **********
 **    3 **SET ERR         0.5
 **********
 **********
 **    4 **SET PRINT           1
 **********
 **********
 **    5 **SET STR           1
 **********
 NOW USING STRATEGY  1: TRY TO BALANCE SPEED AGAINST RELIABILITY
 **********
 **    6 **MIGRAD        2500           1
 **********
 FIRST CALL TO USER FUNCTION AT NEW START POINT, WITH IFLAG=4.
 START MIGRAD MINIMIZATION.  STRATEGY  1.  CONVERGENCE WHEN EDM .LT. 1.00e-03
 FCN=-74627.5 FROM MIGRAD    STATUS=INITIATE       18 CALLS          19 TOTAL
                     EDM= unknown      STRATEGY= 1      NO ERROR MATRIX       
  EXT PARAMETER               CURRENT GUESS       STEP         FIRST   
  NO.   NAME      VALUE            ERROR          SIZE      DERIVATIVE 
   1  N_Bkg        2.50000e+05   5.00000e+04   2.01358e-01   2.24427e+05
   2  N_Jpsi       2.50000e+03   5.00000e+02   2.01358e-01   2.23694e+03
   3  m_{J/#Psi}   3.68600e+00   2.00000e-02   2.01358e-01   9.76916e+00
   4  sigma_1_A    5.19896e-02   2.59948e-02   1.75955e-01   1.02236e+01
   5  sl1          0.00000e+00   2.00000e-01   2.01358e-01   1.23075e+03
                               ERR DEF= 0.5
 MINUIT WARNING IN MIGRAD  
 ============== Negative diagonal element 1 in Error Matrix
 MINUIT WARNING IN MIGRAD  
 ============== Negative diagonal element 2 in Error Matrix
 MINUIT WARNING IN MIGRAD  
 ============== 1.16926 added to diagonal of error matrix
 MIGRAD FAILS TO FIND IMPROVEMENT
 MINUIT WARNING IN HESSE   
 ============== Negative diagonal element 3 in Error Matrix
 MINUIT WARNING IN HESSE   
 ============== 50.7768 added to diagonal of error matrix
 EIGENVALUES OF SECOND-DERIVATIVE MATRIX:
        -6.6982e-01  6.8372e-01  1.0211e+00  1.4525e+00  2.5125e+00
 MINUIT WARNING IN HESSE   
 ============== MATRIX FORCED POS-DEF BY ADDING 0.672336 TO DIAGONAL.
 FCN=-231359 FROM HESSE     STATUS=NOT POSDEF     31 CALLS          90 TOTAL
                     EDM=203837    STRATEGY= 1      ERR MATRIX NOT POS-DEF
  EXT PARAMETER                APPROXIMATE        STEP         FIRST   
  NO.   NAME      VALUE            ERROR          SIZE      DERIVATIVE 
   1  N_Bkg        5.00512e+04   1.17667e+03   5.95062e-04   7.64843e+04
   2  N_Jpsi       2.25944e+03   1.79039e+03   2.41984e-02   1.06535e+03
   3  m_{J/#Psi}   3.78011e+00   1.02195e-01   4.70818e-02  -1.78294e+01
   4  sigma_1_A    4.73218e-01   3.87763e-02   3.93978e-02  -2.71412e+01
   5  sl1          6.50272e-01   6.90325e-02   3.61439e-03   6.39971e+03
                               ERR DEF= 0.5
 MIGRAD FAILS TO FIND IMPROVEMENT
 MIGRAD MINIMIZATION HAS CONVERGED.
 MIGRAD WILL VERIFY CONVERGENCE AND ERROR MATRIX.
 MINUIT WARNING IN HESSE   
 ============== Negative diagonal element 3 in Error Matrix
 MINUIT WARNING IN HESSE   
 ============== Negative diagonal element 4 in Error Matrix
 MINUIT WARNING IN HESSE   
 ============== 1.05938 added to diagonal of error matrix
 EIGENVALUES OF SECOND-DERIVATIVE MATRIX:
        -6.9449e-01  9.9166e-01  9.9738e-01  1.0114e+00  2.6941e+00
 MINUIT WARNING IN HESSE   
 ============== MATRIX FORCED POS-DEF BY ADDING 0.697181 TO DIAGONAL.
 MIGRAD TERMINATED WITHOUT CONVERGENCE.
 FCN=-242482 FROM MIGRAD    STATUS=FAILED        212 CALLS         213 TOTAL
                     EDM=14.1769    STRATEGY= 1      ERR MATRIX NOT POS-DEF
  EXT PARAMETER                APPROXIMATE        STEP         FIRST   
  NO.   NAME      VALUE            ERROR          SIZE      DERIVATIVE 
   1  N_Bkg        2.58008e+04   2.14227e+03   4.94066e-04  -3.06826e+00
   2  N_Jpsi       3.24442e+01   2.71820e+03   1.84672e-01  -6.48128e-01
   3  m_{J/#Psi}   3.78440e+00   2.72672e-02   5.00000e-01  -8.23750e-04
   4  sigma_1_A    4.85806e-01   4.08802e-01   5.00000e-01  -1.66689e-02
   5  sl1         -1.47266e-01   2.21790e-02   3.71606e-03   7.62000e-01
                               ERR DEF= 0.5
 EXTERNAL ERROR MATRIX.    NDIM=  25    NPAR=  5    ERR DEF=0.5
  4.590e+06 -4.999e+06 -5.838e+00 -3.743e+02  4.400e+01 
 -4.999e+06  5.463e+06  6.380e+00  4.090e+02 -4.808e+01 
 -5.838e+00  6.380e+00  1.843e-04  4.790e-04 -5.573e-05 
 -3.743e+02  4.090e+02  4.790e-04  3.468e-02 -3.602e-03 
  4.400e+01 -4.808e+01 -5.573e-05 -3.602e-03  4.920e-04 
ERR MATRIX NOT POS-DEF
 PARAMETER  CORRELATION COEFFICIENTS  
       NO.  GLOBAL      1      2      3      4      5
        1  0.99834   1.000 -0.998 -0.201 -0.938  0.926
        2  0.99841  -0.998  1.000  0.201  0.940 -0.927
        3  0.20111  -0.201  0.201  1.000  0.189 -0.185
        4  0.93960  -0.938  0.940  0.189  1.000 -0.872
        5  0.92741   0.926 -0.927 -0.185 -0.872  1.000
 ERR MATRIX NOT POS-DEF
Real time 0:00:00, CP time 0.060
Real time 0:00:00, CP time 0.060
 **********
 **    7 **SET ERR         0.5
 **********
 **********
 **    8 **SET PRINT           1
 **********
 **********
 **    9 **HESSE        2500
 **********
 MINUIT WARNING IN HESSE   
 ============== Negative diagonal element 3 in Error Matrix
 MINUIT WARNING IN HESSE   
 ============== Negative diagonal element 4 in Error Matrix
 MINUIT WARNING IN HESSE   
 ============== 1.05938 added to diagonal of error matrix
 EIGENVALUES OF SECOND-DERIVATIVE MATRIX:
        -4.7680e-01  9.9162e-01  9.9738e-01  1.0114e+00  2.4764e+00
 MINUIT WARNING IN HESSE   
 ============== MATRIX FORCED POS-DEF BY ADDING 0.479277 TO DIAGONAL.
 FCN=-242482 FROM HESSE     STATUS=NOT POSDEF     43 CALLS         256 TOTAL
                     EDM=4.79391    STRATEGY= 1      ERR MATRIX NOT POS-DEF
  EXT PARAMETER                APPROXIMATE     INTERNAL      INTERNAL  
  NO.   NAME      VALUE            ERROR       STEP SIZE       VALUE   
   1  N_Bkg        2.58008e+04   2.24240e+03   9.88133e-05   4.28698e+01
   2  N_Jpsi       3.24442e+01   4.97665e+03   5.00000e-01   1.16726e+03
   3  m_{J/#Psi}   3.78440e+00   3.35687e-02   5.00000e-01  -2.96662e+01
   4  sigma_1_A    4.85806e-01   3.81180e-01   5.00000e-01   1.90939e+00
   5  sl1         -1.47266e-01   2.32266e-02   7.43213e-04  -1.47804e-01
                               ERR DEF= 0.5
 EXTERNAL ERROR MATRIX.    NDIM=  25    NPAR=  5    ERR DEF=0.5
  5.029e+06 -3.064e+06 -1.158e+01 -3.421e+02  4.804e+01 
 -3.064e+06  1.874e+06  7.079e+00  2.092e+02 -2.938e+01 
 -1.158e+01  7.079e+00  2.296e-04  7.921e-04 -1.104e-04 
 -3.421e+02  2.092e+02  7.921e-04  2.802e-02 -3.283e-03 
  4.804e+01 -2.938e+01 -1.104e-04 -3.283e-03  5.396e-04 
ERR MATRIX NOT POS-DEF
 PARAMETER  CORRELATION COEFFICIENTS  
       NO.  GLOBAL      1      2      3      4      5
        1  0.99826   1.000 -0.998 -0.341 -0.911  0.922
        2  0.99833  -0.998  1.000  0.341  0.913 -0.924
        3  0.34129  -0.341  0.341  1.000  0.312 -0.314
        4  0.91304  -0.911  0.913  0.312  1.000 -0.844
        5  0.92392   0.922 -0.924 -0.314 -0.844  1.000
 ERR MATRIX NOT POS-DEF
Real time 0:00:00, CP time 0.000
Real time 0:00:00, CP time 0.060, 2 slices

********* Finished Mass Dist. Fit **************


  RooFitResult: minimized FCN value: -242482, estimated distance to minimum: 4.79391
                covariance matrix quality: Full matrix, but forced positive-definite
                Status : MINIMIZE=-1 HESSE=4 

    Floating Parameter    FinalValue +/-  Error   
  --------------------  --------------------------
                 N_Bkg    2.5801e+04 +/-  2.24e+03
                N_Jpsi    3.2444e+01 +/-  4.98e+03
            m_{J/#Psi}    3.7844e+00 +/-  3.36e-02
             sigma_1_A    4.8581e-01 +/-  3.81e-01
                   sl1   -1.4727e-01 +/-  2.32e-02

 *** NLL : -242481.610173533
Info in <TCanvas::Print>: pdf file figs/PRMC/Mass_Fixed_pt6.5-9.0_y1.6-2.4_muPt0.0_centrality0-180_PRw_Effw0_Accw0_PtW0_TnP0.pdf has been created

###### Fit Convergence Check ######
Hesse: 4	 edm: 4.79390686437063	 mll: -242481.610173533
[31m[Stuck] N_Jpsi [0m // Final Value : 32.4442143454517 (0 ~ 5000)

[31m[Stuck] m_{J/#Psi} [0m // Final Value : 3.7844036580157 (3.586 ~ 3.786)

[31m[Stuck] sigma_1_A [0m // Final Value : 0.485805987568468 (0 ~ 0.5)


Processing MassFit_FixPar_Data.C(9,12,1.6,2.4,0,180,1)...

[1mRooFit v3.60 -- Developed by Wouter Verkerke and David Kirkby[0m 
                Copyright (C) 2000-2013 NIKHEF, University of California & Stanford University
                All rights reserved, please read http://roofit.sourceforge.net/license.txt

l_cut: 0.0265
RooDataSet::dataset[mass,pt,y,pt1,pt2,eta1,eta2,weight,cBin,recoQQsign,NumDimu,ctau3D,ctau3DErr,ctau3DRes,ctau3D2S,ctau3DErr2S,ctau3DRes2S] = 638945 entries
pt: 9-12, y: 1.6-2.4, Cent: 0-180%
####################################
******** New Combined Dataset ***********
RooRealVar::mass = 3.41342  L(3.3 - 4.1) // [GeV/c^{2}]
psi 2S MASS : 3.686
10000

********* Starting Mass Dist. Fit **************

 **********
 **    1 **SET PRINT           1
 **********
 **********
 **    2 **SET NOGRAD
 **********
 PARAMETER DEFINITIONS:
    NO.   NAME         VALUE      STEP SIZE      LIMITS
     1 N_Bkg        5.00000e+04  1.00000e+04    0.00000e+00  1.00000e+05
     2 N_Jpsi       5.00000e+03  1.00000e+03    0.00000e+00  1.00000e+04
     3 m_{J/#Psi}   3.68600e+00  2.00000e-02    3.58600e+00  3.78600e+00
     4 sigma_1_A    4.48307e-02  2.24154e-02    0.00000e+00  5.00000e-01
     5 sl1          0.00000e+00  2.00000e-01   -1.00000e+00  1.00000e+00
 **********
 **    3 **SET ERR         0.5
 **********
 **********
 **    4 **SET PRINT           1
 **********
 **********
 **    5 **SET STR           1
 **********
 NOW USING STRATEGY  1: TRY TO BALANCE SPEED AGAINST RELIABILITY
 **********
 **    6 **MIGRAD        2500           1
 **********
 FIRST CALL TO USER FUNCTION AT NEW START POINT, WITH IFLAG=4.
 START MIGRAD MINIMIZATION.  STRATEGY  1.  CONVERGENCE WHEN EDM .LT. 1.00e-03
 FCN=-8800.23 FROM MIGRAD    STATUS=INITIATE       20 CALLS          21 TOTAL
                     EDM= unknown      STRATEGY= 1      NO ERROR MATRIX       
  EXT PARAMETER               CURRENT GUESS       STEP         FIRST   
  NO.   NAME      VALUE            ERROR          SIZE      DERIVATIVE 
   1  N_Bkg        5.00000e+04   1.00000e+04   2.01358e-01   4.47419e+04
   2  N_Jpsi       5.00000e+03   1.00000e+03   2.01358e-01   4.53002e+03
   3  m_{J/#Psi}   3.68600e+00   2.00000e-02   2.01358e-01   1.12651e+01
   4  sigma_1_A    4.48307e-02   2.24154e-02   1.62146e-01  -1.14188e+02
   5  sl1          0.00000e+00   2.00000e-01   2.01358e-01   1.15230e+02
                               ERR DEF= 0.5
 MIGRAD MINIMIZATION HAS CONVERGED.
 MIGRAD WILL VERIFY CONVERGENCE AND ERROR MATRIX.
 COVARIANCE MATRIX CALCULATED SUCCESSFULLY
 FCN=-45135.1 FROM MIGRAD    STATUS=CONVERGED     924 CALLS         925 TOTAL
                     EDM=5.78564e-05    STRATEGY= 1      ERROR MATRIX ACCURATE 
  EXT PARAMETER                                   STEP         FIRST   
  NO.   NAME      VALUE            ERROR          SIZE      DERIVATIVE 
   1  N_Bkg        5.46622e+03   1.00013e+02   4.87522e-04   6.59260e-01
   2  N_Jpsi       2.61915e+02   6.92599e+01   3.98705e-03  -1.17435e-01
   3  m_{J/#Psi}   3.68236e+00   1.31618e-02   1.92417e-02   2.29204e-02
   4  sigma_1_A    4.95106e-02   1.39085e-02   1.01688e-02   2.61614e-02
   5  sl1         -6.91047e-02   2.39432e-02   3.44879e-03   1.90921e-01
                               ERR DEF= 0.5
 EXTERNAL ERROR MATRIX.    NDIM=  25    NPAR=  5    ERR DEF=0.5
  1.000e+04 -4.537e+03  4.002e-02 -6.555e-01 -1.582e-01 
 -4.537e+03  4.800e+03 -4.004e-02  6.565e-01  1.583e-01 
  4.002e-02 -4.004e-02  1.742e-04 -5.785e-06 -5.792e-05 
 -6.555e-01  6.565e-01 -5.785e-06  1.940e-04  2.189e-05 
 -1.582e-01  1.583e-01 -5.792e-05  2.189e-05  5.734e-04 
 PARAMETER  CORRELATION COEFFICIENTS  
       NO.  GLOBAL      1      2      3      4      5
        1  0.65575   1.000 -0.655  0.030 -0.471 -0.066
        2  0.77982  -0.655  1.000 -0.044  0.680  0.095
        3  0.18514   0.030 -0.044  1.000 -0.031 -0.183
        4  0.68115  -0.471  0.680 -0.031  1.000  0.066
        5  0.20308  -0.066  0.095 -0.183  0.066  1.000
Real time 0:00:00, CP time 0.160
Real time 0:00:00, CP time 0.160
 **********
 **    7 **SET ERR         0.5
 **********
 **********
 **    8 **SET PRINT           1
 **********
 **********
 **    9 **HESSE        2500
 **********
 COVARIANCE MATRIX CALCULATED SUCCESSFULLY
 FCN=-45135.1 FROM HESSE     STATUS=OK             31 CALLS         956 TOTAL
                     EDM=5.84671e-05    STRATEGY= 1      ERROR MATRIX ACCURATE 
  EXT PARAMETER                                INTERNAL      INTERNAL  
  NO.   NAME      VALUE            ERROR       STEP SIZE       VALUE   
   1  N_Bkg        5.46622e+03   1.00915e+02   9.75044e-05  -1.26763e+02
   2  N_Jpsi       2.61915e+02   7.05527e+01   1.59482e-04  -5.35316e+02
   3  m_{J/#Psi}   3.68236e+00   1.32088e-02   7.69669e-04  -3.63793e-02
   4  sigma_1_A    4.95106e-02   1.42734e-02   4.06752e-04  -9.30565e-01
   5  sl1         -6.91047e-02   2.39536e-02   6.89759e-04  -6.91598e-02
                               ERR DEF= 0.5
 EXTERNAL ERROR MATRIX.    NDIM=  25    NPAR=  5    ERR DEF=0.5
  1.018e+04 -4.718e+03  5.347e-02 -7.012e-01 -1.677e-01 
 -4.718e+03  4.981e+03 -5.348e-02  7.014e-01  1.677e-01 
  5.347e-02 -5.348e-02  1.755e-04 -1.211e-05 -5.866e-05 
 -7.012e-01  7.014e-01 -1.211e-05  2.044e-04  2.530e-05 
 -1.677e-01  1.677e-01 -5.866e-05  2.530e-05  5.739e-04 
 PARAMETER  CORRELATION COEFFICIENTS  
       NO.  GLOBAL      1      2      3      4      5
        1  0.66344   1.000 -0.662  0.040 -0.486 -0.069
        2  0.78890  -0.662  1.000 -0.057  0.695  0.099
        3  0.19169   0.040 -0.057  1.000 -0.064 -0.185
        4  0.69644  -0.486  0.695 -0.064  1.000  0.074
        5  0.20511  -0.069  0.099 -0.185  0.074  1.000
Real time 0:00:00, CP time 0.010
Real time 0:00:00, CP time 0.170, 2 slices

********* Finished Mass Dist. Fit **************


  RooFitResult: minimized FCN value: -45135.1, estimated distance to minimum: 5.84671e-05
                covariance matrix quality: Full, accurate covariance matrix
                Status : MINIMIZE=0 HESSE=0 

    Floating Parameter    FinalValue +/-  Error   
  --------------------  --------------------------
                 N_Bkg    5.4662e+03 +/-  1.01e+02
                N_Jpsi    2.6191e+02 +/-  7.06e+01
            m_{J/#Psi}    3.6824e+00 +/-  1.32e-02
             sigma_1_A    4.9511e-02 +/-  1.43e-02
                   sl1   -6.9105e-02 +/-  2.40e-02

 *** NLL : -45135.108826701
Info in <TCanvas::Print>: pdf file figs/PRMC/Mass_Fixed_pt9.0-12.0_y1.6-2.4_muPt0.0_centrality0-180_PRw_Effw0_Accw0_PtW0_TnP0.pdf has been created

###### Fit Convergence Check ######
Hesse: 0	 edm: 5.84671418841087e-05	 mll: -45135.108826701
[Fit Converged]

Processing MassFit_FixPar_Data.C(12,40,1.6,2.4,0,180,1)...

[1mRooFit v3.60 -- Developed by Wouter Verkerke and David Kirkby[0m 
                Copyright (C) 2000-2013 NIKHEF, University of California & Stanford University
                All rights reserved, please read http://roofit.sourceforge.net/license.txt

l_cut: 0.0195
RooDataSet::dataset[mass,pt,y,pt1,pt2,eta1,eta2,weight,cBin,recoQQsign,NumDimu,ctau3D,ctau3DErr,ctau3DRes,ctau3D2S,ctau3DErr2S,ctau3DRes2S] = 638945 entries
pt: 12-40, y: 1.6-2.4, Cent: 0-180%
####################################
******** New Combined Dataset ***********
RooRealVar::mass = 3.41342  L(3.3 - 4.1) // [GeV/c^{2}]
psi 2S MASS : 3.686
1e+07

********* Starting Mass Dist. Fit **************

 **********
 **    1 **SET PRINT           1
 **********
 **********
 **    2 **SET NOGRAD
 **********
 PARAMETER DEFINITIONS:
    NO.   NAME         VALUE      STEP SIZE      LIMITS
     1 N_Bkg        1.00000e+07  2.00000e+06    0.00000e+00  2.00000e+07
 MINUIT WARNING IN PARAM DEF
 ============== LIMITS ON PARAM1 TOO FAR APART.
 PARAMETER DEFINITIONS:
    NO.   NAME         VALUE      STEP SIZE      LIMITS
     2 N_Jpsi       5.00000e+06  1.00000e+06    0.00000e+00  1.00000e+07
     3 m_{J/#Psi}   3.68600e+00  2.00000e-02    3.58600e+00  3.78600e+00
     4 sigma_1_A    5.14117e-02  2.57058e-02    0.00000e+00  5.00000e-01
     5 sl1          0.00000e+00  2.00000e-01   -1.00000e+00  1.00000e+00
 **********
 **    3 **SET ERR         0.5
 **********
 **********
 **    4 **SET PRINT           1
 **********
 **********
 **    5 **SET STR           1
 **********
 NOW USING STRATEGY  1: TRY TO BALANCE SPEED AGAINST RELIABILITY
 **********
 **    6 **MIGRAD        2500           1
 **********
 FIRST CALL TO USER FUNCTION AT NEW START POINT, WITH IFLAG=4.
 START MIGRAD MINIMIZATION.  STRATEGY  1.  CONVERGENCE WHEN EDM .LT. 1.00e-03
 FCN=1.49673e+07 FROM MIGRAD    STATUS=INITIATE       16 CALLS          17 TOTAL
                     EDM= unknown      STRATEGY= 1      NO ERROR MATRIX       
  EXT PARAMETER               CURRENT GUESS       STEP         FIRST   
  NO.   NAME      VALUE            ERROR          SIZE      DERIVATIVE 
   1  N_Bkg        1.00000e+07   2.00000e+06   2.01358e-01   9.98934e+06
   2  N_Jpsi       5.00000e+06   1.00000e+06   2.01358e-01   4.96583e+06
   3  m_{J/#Psi}   3.68600e+00   2.00000e-02   2.01358e-01   1.86126e+01
   4  sigma_1_A    5.14117e-02   2.57058e-02   1.74865e-01  -4.50116e+02
   5  sl1          0.00000e+00   2.00000e-01   2.01358e-01  -7.25560e+00
                               ERR DEF= 0.5
 MIGRAD FAILS TO FIND IMPROVEMENT
 COVARIANCE MATRIX CALCULATED SUCCESSFULLY
 FCN=-13330.3 FROM HESSE     STATUS=OK             35 CALLS         393 TOTAL
                     EDM=0.00944906    STRATEGY= 1      ERROR MATRIX ACCURATE 
  EXT PARAMETER                                   STEP         FIRST   
  NO.   NAME      VALUE            ERROR          SIZE      DERIVATIVE 
   1  N_Bkg        1.77610e+03   6.85953e+01   4.32172e-04   5.45468e+01
   2  N_Jpsi       1.81229e+02   5.80683e+01   1.10030e-03  -4.34844e+01
   3  m_{J/#Psi}   3.67587e+00   1.33566e-02   1.03870e-02  -5.03022e-02
   4  sigma_1_A    5.97273e-02   2.03498e-02   5.44963e-03  -5.48931e-01
   5  sl1         -5.42739e-03   4.27907e-02   3.29587e-03   2.38352e-01
                               ERR DEF= 0.5
 MIGRAD FAILS TO FIND IMPROVEMENT
 MIGRAD TERMINATED WITHOUT CONVERGENCE.
 FCN=-13330.3 FROM MIGRAD    STATUS=FAILED        432 CALLS         433 TOTAL
                     EDM=0.00389052    STRATEGY= 1  ERROR MATRIX UNCERTAINTY   6.6 per cent
  EXT PARAMETER                APPROXIMATE        STEP         FIRST   
  NO.   NAME      VALUE            ERROR          SIZE      DERIVATIVE 
   1  N_Bkg        1.77177e+03   6.06259e+01   0.00000e+00   1.40509e+01
   2  N_Jpsi       1.85591e+02   4.61090e+01  -0.00000e+00   1.08872e+02
   3  m_{J/#Psi}   3.67594e+00   1.33392e-02   0.00000e+00  -2.04569e-02
   4  sigma_1_A    6.12633e-02   1.58596e-02  -0.00000e+00   3.50556e-02
   5  sl1         -5.20953e-03   4.25230e-02  -0.00000e+00   9.97469e-02
                               ERR DEF= 0.5
 EXTERNAL ERROR MATRIX.    NDIM=  25    NPAR=  5    ERR DEF=0.5
  3.676e+03 -1.934e+03  4.139e-03 -5.115e-01 -2.465e-01 
 -1.934e+03  2.126e+03 -4.969e-04  5.135e-01  2.366e-01 
  4.139e-03 -4.969e-04  1.790e-04  3.262e-06 -1.176e-04 
 -5.115e-01  5.135e-01  3.262e-06  2.523e-04  5.819e-05 
 -2.465e-01  2.366e-01 -1.176e-04  5.819e-05  1.809e-03 
ERR MATRIX APPROXIMATE
 PARAMETER  CORRELATION COEFFICIENTS  
       NO.  GLOBAL      1      2      3      4      5
        1  0.69508   1.000 -0.692  0.005 -0.531 -0.096
        2  0.79705  -0.692  1.000 -0.001  0.701  0.121
        3  0.20937   0.005 -0.001  1.000  0.015 -0.207
        4  0.70417  -0.531  0.701  0.015  1.000  0.086
        5  0.23977  -0.096  0.121 -0.207  0.086  1.000
 ERR MATRIX APPROXIMATE
Real time 0:00:00, CP time 0.080
Real time 0:00:00, CP time 0.080
 **********
 **    7 **SET ERR         0.5
 **********
 **********
 **    8 **SET PRINT           1
 **********
 **********
 **    9 **HESSE        2500
 **********
 COVARIANCE MATRIX CALCULATED SUCCESSFULLY
 FCN=-13330.3 FROM HESSE     STATUS=OK             37 CALLS         470 TOTAL
                     EDM=0.00121296    STRATEGY= 1      ERROR MATRIX ACCURATE 
  EXT PARAMETER                                INTERNAL      INTERNAL  
  NO.   NAME      VALUE            ERROR       STEP SIZE       VALUE   
   1  N_Bkg        1.77177e+03   6.74628e+01   4.32172e-04  -9.06331e+02
   2  N_Jpsi       1.85591e+02   5.66576e+01   1.10030e-03  -2.30749e+03
   3  m_{J/#Psi}   3.67594e+00   1.33813e-02   1.04975e-02  -1.00799e-01
   4  sigma_1_A    6.12633e-02   1.96463e-02   5.49292e-03  -8.55573e-01
   5  sl1         -5.20953e-03   4.28155e-02   3.29895e-03  -5.20955e-03
                               ERR DEF= 0.5
 EXTERNAL ERROR MATRIX.    NDIM=  25    NPAR=  5    ERR DEF=0.5
  4.551e+03 -2.896e+03 -8.277e-03 -8.641e-01 -3.390e-01 
 -2.896e+03  3.210e+03  9.089e-03  9.122e-01  3.540e-01 
 -8.277e-03  9.089e-03  1.802e-04  7.187e-06 -1.211e-04 
 -8.641e-01  9.122e-01  7.187e-06  3.878e-04  1.034e-04 
 -3.390e-01  3.540e-01 -1.211e-04  1.034e-04  1.834e-03 
 PARAMETER  CORRELATION COEFFICIENTS  
       NO.  GLOBAL      1      2      3      4      5
        1  0.75960   1.000 -0.758 -0.009 -0.650 -0.117
        2  0.87050  -0.758  1.000  0.012  0.817  0.146
        3  0.21740  -0.009  0.012  1.000  0.027 -0.211
        4  0.81909  -0.650  0.817  0.027  1.000  0.123
        5  0.25821  -0.117  0.146 -0.211  0.123  1.000
Real time 0:00:00, CP time 0.000
Real time 0:00:00, CP time 0.080, 2 slices

********* Finished Mass Dist. Fit **************


  RooFitResult: minimized FCN value: -13330.3, estimated distance to minimum: 0.00121296
                covariance matrix quality: Full, accurate covariance matrix
                Status : MINIMIZE=-1 HESSE=4 

    Floating Parameter    FinalValue +/-  Error   
  --------------------  --------------------------
                 N_Bkg    1.7718e+03 +/-  6.75e+01
                N_Jpsi    1.8559e+02 +/-  5.67e+01
            m_{J/#Psi}    3.6759e+00 +/-  1.34e-02
             sigma_1_A    6.1263e-02 +/-  1.96e-02
                   sl1   -5.2095e-03 +/-  4.28e-02

 *** NLL : -13330.3453306449
Info in <TCanvas::Print>: pdf file figs/PRMC/Mass_Fixed_pt12.0-40.0_y1.6-2.4_muPt0.0_centrality0-180_PRw_Effw0_Accw0_PtW0_TnP0.pdf has been created

###### Fit Convergence Check ######
Hesse: 4	 edm: 0.00121296274393145	 mll: -13330.3453306449
[Fit Converged]

Processing MassFit_FixPar_Data.C(6.5,9,0,1.6,0,180,1)...

[1mRooFit v3.60 -- Developed by Wouter Verkerke and David Kirkby[0m 
                Copyright (C) 2000-2013 NIKHEF, University of California & Stanford University
                All rights reserved, please read http://roofit.sourceforge.net/license.txt

l_cut: 0.0255
RooDataSet::dataset[mass,pt,y,pt1,pt2,eta1,eta2,weight,cBin,recoQQsign,NumDimu,ctau3D,ctau3DErr,ctau3DRes,ctau3D2S,ctau3DErr2S,ctau3DRes2S] = 638945 entries
pt: 6.5-9, y: 0-1.6, Cent: 0-180%
####################################
******** New Combined Dataset ***********
RooRealVar::mass = 3.41342  L(3.3 - 4.1) // [GeV/c^{2}]
psi 2S MASS : 3.686
5000

********* Starting Mass Dist. Fit **************

 **********
 **    1 **SET PRINT           1
 **********
 **********
 **    2 **SET NOGRAD
 **********
 PARAMETER DEFINITIONS:
    NO.   NAME         VALUE      STEP SIZE      LIMITS
     1 N_Bkg        2.50000e+05  5.00000e+04    0.00000e+00  5.00000e+05
     2 N_Jpsi       2.50000e+03  5.00000e+02    0.00000e+00  5.00000e+03
     3 m_{J/#Psi}   3.68600e+00  2.00000e-02    3.58600e+00  3.78600e+00
     4 sigma_1_A    2.97859e-02  1.48930e-02    0.00000e+00  5.00000e-01
     5 sl1          0.00000e+00  2.00000e-01   -1.00000e+00  1.00000e+00
 **********
 **    3 **SET ERR         0.5
 **********
 **********
 **    4 **SET PRINT           1
 **********
 **********
 **    5 **SET STR           1
 **********
 NOW USING STRATEGY  1: TRY TO BALANCE SPEED AGAINST RELIABILITY
 **********
 **    6 **MIGRAD        2500           1
 **********
 FIRST CALL TO USER FUNCTION AT NEW START POINT, WITH IFLAG=4.
 START MIGRAD MINIMIZATION.  STRATEGY  1.  CONVERGENCE WHEN EDM .LT. 1.00e-03
 FCN=-102943 FROM MIGRAD    STATUS=INITIATE       16 CALLS          17 TOTAL
                     EDM= unknown      STRATEGY= 1      NO ERROR MATRIX       
  EXT PARAMETER               CURRENT GUESS       STEP         FIRST   
  NO.   NAME      VALUE            ERROR          SIZE      DERIVATIVE 
   1  N_Bkg        2.50000e+05   5.00000e+04   2.01358e-01   2.22213e+05
   2  N_Jpsi       2.50000e+03   5.00000e+02   2.01358e-01   2.21543e+03
   3  m_{J/#Psi}   3.68600e+00   2.00000e-02   2.01358e-01  -1.20983e+01
   4  sigma_1_A    2.97859e-02   1.48930e-02   1.30114e-01   1.20046e+01
   5  sl1          0.00000e+00   2.00000e-01   2.01358e-01  -1.47563e+03
                               ERR DEF= 0.5
 MIGRAD MINIMIZATION HAS CONVERGED.
 MIGRAD WILL VERIFY CONVERGENCE AND ERROR MATRIX.
 COVARIANCE MATRIX CALCULATED SUCCESSFULLY
 FCN=-265832 FROM MIGRAD    STATUS=CONVERGED     501 CALLS         502 TOTAL
                     EDM=0.000189038    STRATEGY= 1      ERROR MATRIX ACCURATE 
  EXT PARAMETER                                   STEP         FIRST   
  NO.   NAME      VALUE            ERROR          SIZE      DERIVATIVE 
   1  N_Bkg        2.75205e+04   2.02427e+02   5.22782e-04  -3.52522e-01
   2  N_Jpsi       5.49606e+02   1.18735e+02   1.92326e-02   7.61128e-04
   3  m_{J/#Psi}   3.69139e+00   1.07329e-02   3.65838e-02  -9.96125e-02
   4  sigma_1_A    3.93166e-02   9.63889e-03   2.01235e-02   1.67395e-01
   5  sl1          1.60395e-01   1.04368e-02   3.72464e-03  -4.74182e-02
                               ERR DEF= 0.5
 EXTERNAL ERROR MATRIX.    NDIM=  25    NPAR=  5    ERR DEF=0.5
  4.098e+04 -1.351e+04  1.789e-01  6.748e-01  4.332e-02 
 -1.351e+04  1.413e+04 -1.791e-01 -6.760e-01 -4.356e-02 
  1.789e-01 -1.791e-01  1.156e-04  2.601e-05 -1.511e-05 
  6.748e-01 -6.760e-01  2.601e-05  9.307e-05  6.434e-08 
  4.332e-02 -4.356e-02 -1.511e-05  6.434e-08  1.089e-04 
 PARAMETER  CORRELATION COEFFICIENTS  
       NO.  GLOBAL      1      2      3      4      5
        1  0.56193   1.000 -0.562  0.082  0.346  0.021
        2  0.70273  -0.562  1.000 -0.140 -0.590 -0.035
        3  0.28464   0.082 -0.140  1.000  0.251 -0.135
        4  0.61381   0.346 -0.590  0.251  1.000  0.001
        5  0.14530   0.021 -0.035 -0.135  0.001  1.000
Real time 0:00:00, CP time 0.130
Real time 0:00:00, CP time 0.130
 **********
 **    7 **SET ERR         0.5
 **********
 **********
 **    8 **SET PRINT           1
 **********
 **********
 **    9 **HESSE        2500
 **********
 COVARIANCE MATRIX CALCULATED SUCCESSFULLY
 FCN=-265832 FROM HESSE     STATUS=OK             33 CALLS         535 TOTAL
                     EDM=0.000206687    STRATEGY= 1      ERROR MATRIX ACCURATE 
  EXT PARAMETER                                INTERNAL      INTERNAL  
  NO.   NAME      VALUE            ERROR       STEP SIZE       VALUE   
   1  N_Bkg        2.75205e+04   2.11889e+02   2.09113e-05  -8.32761e+00
   2  N_Jpsi       5.49606e+02   1.33745e+02   7.69306e-04  -1.53043e+02
   3  m_{J/#Psi}   3.69139e+00   1.09464e-02   7.31676e-03   5.39521e-02
   4  sigma_1_A    3.93166e-02   1.09351e-02   8.04938e-04  -1.00234e+00
   5  sl1          1.60395e-01   1.04359e-02   7.44928e-04   1.61091e-01
                               ERR DEF= 0.5
 EXTERNAL ERROR MATRIX.    NDIM=  25    NPAR=  5    ERR DEF=0.5
  4.490e+04 -1.738e+04  3.351e-01  1.020e+00  4.173e-02 
 -1.738e+04  1.793e+04 -3.351e-01 -1.020e+00 -4.174e-02 
  3.351e-01 -3.351e-01  1.203e-04  3.761e-05 -1.499e-05 
  1.020e+00 -1.020e+00  3.761e-05  1.198e-04  1.918e-07 
  4.173e-02 -4.174e-02 -1.499e-05  1.918e-07  1.089e-04 
 PARAMETER  CORRELATION COEFFICIENTS  
       NO.  GLOBAL      1      2      3      4      5
        1  0.61280   1.000 -0.613  0.144  0.440  0.019
        2  0.77544  -0.613  1.000 -0.228 -0.696 -0.030
        3  0.34029   0.144 -0.228  1.000  0.313 -0.131
        4  0.71393   0.440 -0.696  0.313  1.000  0.002
        5  0.14472   0.019 -0.030 -0.131  0.002  1.000
Real time 0:00:00, CP time 0.000
Real time 0:00:00, CP time 0.130, 2 slices

********* Finished Mass Dist. Fit **************


  RooFitResult: minimized FCN value: -265832, estimated distance to minimum: 0.000206687
                covariance matrix quality: Full, accurate covariance matrix
                Status : MINIMIZE=0 HESSE=0 

    Floating Parameter    FinalValue +/-  Error   
  --------------------  --------------------------
                 N_Bkg    2.7520e+04 +/-  2.12e+02
                N_Jpsi    5.4961e+02 +/-  1.34e+02
            m_{J/#Psi}    3.6914e+00 +/-  1.09e-02
             sigma_1_A    3.9317e-02 +/-  1.09e-02
                   sl1    1.6040e-01 +/-  1.04e-02

 *** NLL : -265832.10914423
Info in <TCanvas::Print>: pdf file figs/PRMC/Mass_Fixed_pt6.5-9.0_y0.0-1.6_muPt0.0_centrality0-180_PRw_Effw0_Accw0_PtW0_TnP0.pdf has been created

###### Fit Convergence Check ######
Hesse: 0	 edm: 0.000206686596851852	 mll: -265832.10914423
[Fit Converged]

Processing MassFit_FixPar_Data.C(9,12,0,1.6,0,180,1)...

[1mRooFit v3.60 -- Developed by Wouter Verkerke and David Kirkby[0m 
                Copyright (C) 2000-2013 NIKHEF, University of California & Stanford University
                All rights reserved, please read http://roofit.sourceforge.net/license.txt

l_cut: 0.0225
RooDataSet::dataset[mass,pt,y,pt1,pt2,eta1,eta2,weight,cBin,recoQQsign,NumDimu,ctau3D,ctau3DErr,ctau3DRes,ctau3D2S,ctau3DErr2S,ctau3DRes2S] = 638945 entries
pt: 9-12, y: 0-1.6, Cent: 0-180%
####################################
******** New Combined Dataset ***********
RooRealVar::mass = 3.41342  L(3.3 - 4.1) // [GeV/c^{2}]
psi 2S MASS : 3.686
10000

********* Starting Mass Dist. Fit **************

 **********
 **    1 **SET PRINT           1
 **********
 **********
 **    2 **SET NOGRAD
 **********
 PARAMETER DEFINITIONS:
    NO.   NAME         VALUE      STEP SIZE      LIMITS
     1 N_Bkg        5.00000e+04  1.00000e+04    0.00000e+00  1.00000e+05
     2 N_Jpsi       5.00000e+03  1.00000e+03    0.00000e+00  1.00000e+04
     3 m_{J/#Psi}   3.68600e+00  2.00000e-02    3.58600e+00  3.78600e+00
     4 sigma_1_A    4.40021e-02  2.20011e-02    0.00000e+00  5.00000e-01
     5 sl1          0.00000e+00  2.00000e-01   -1.00000e+00  1.00000e+00
 **********
 **    3 **SET ERR         0.5
 **********
 **********
 **    4 **SET PRINT           1
 **********
 **********
 **    5 **SET STR           1
 **********
 NOW USING STRATEGY  1: TRY TO BALANCE SPEED AGAINST RELIABILITY
 **********
 **    6 **MIGRAD        2500           1
 **********
 FIRST CALL TO USER FUNCTION AT NEW START POINT, WITH IFLAG=4.
 START MIGRAD MINIMIZATION.  STRATEGY  1.  CONVERGENCE WHEN EDM .LT. 1.00e-03
 FCN=-49970.3 FROM MIGRAD    STATUS=INITIATE       20 CALLS          21 TOTAL
                     EDM= unknown      STRATEGY= 1      NO ERROR MATRIX       
