
[1mRooFit v3.60 -- Developed by Wouter Verkerke and David Kirkby[0m 
                Copyright (C) 2000-2013 NIKHEF, University of California & Stanford University
                All rights reserved, please read http://roofit.sourceforge.net/license.txt


Processing MassFit_FixPar_Data.C(3.5,6.5,1.6,2.4,0,180,1)...

[1mRooFit v3.60 -- Developed by Wouter Verkerke and David Kirkby[0m 
                Copyright (C) 2000-2013 NIKHEF, University of California & Stanford University
                All rights reserved, please read http://roofit.sourceforge.net/license.txt

l_cut: 0.0395
RooDataSet::dataset[mass,pt,y,pt1,pt2,eta1,eta2,weight,cBin,recoQQsign,NumDimu,ctau3D,ctau3DErr,ctau3DRes,ctau3D2S,ctau3DErr2S,ctau3DRes2S] = 638945 entries
pt: 3.5-6.5, y: 1.6-2.4, Cent: 0-180%
####################################
******** New Combined Dataset ***********
RooRealVar::mass = 3.41342  L(3.3 - 4.1) // [GeV/c^{2}]

********* Starting Mass Dist. Fit **************

 **********
 **    1 **SET PRINT           1
 **********
 **********
 **    2 **SET NOGRAD
 **********
 PARAMETER DEFINITIONS:
    NO.   NAME         VALUE      STEP SIZE      LIMITS
     1 N_Bkg        1.00000e+07  2.00000e+06    0.00000e+00  2.00000e+07
 MINUIT WARNING IN PARAM DEF
 ============== LIMITS ON PARAM1 TOO FAR APART.
 PARAMETER DEFINITIONS:
    NO.   NAME         VALUE      STEP SIZE      LIMITS
     2 N_Jpsi       5.00000e+06  1.00000e+06    0.00000e+00  1.00000e+07
     3 m_{J/#Psi}   3.68600e+00  2.00000e-02    3.58600e+00  3.78600e+00
     4 n_1_A        4.23874e+00  1.00000e+00    0.00000e+00  1.00000e+01
     5 sigma_1_A    4.81468e-02  1.50000e-02    0.00000e+00  1.50000e-01
     6 sl1          0.00000e+00  2.00000e-01   -1.00000e+00  1.00000e+00
     7 sl2          0.00000e+00  2.00000e-01   -1.00000e+00  1.00000e+00
 **********
 **    3 **SET ERR         0.5
 **********
 **********
 **    4 **SET PRINT           1
 **********
 **********
 **    5 **SET STR           1
 **********
 NOW USING STRATEGY  1: TRY TO BALANCE SPEED AGAINST RELIABILITY
 **********
 **    6 **MIGRAD        3500           1
 **********
 FIRST CALL TO USER FUNCTION AT NEW START POINT, WITH IFLAG=4.
 START MIGRAD MINIMIZATION.  STRATEGY  1.  CONVERGENCE WHEN EDM .LT. 1.00e-03
 FCN=1.23771e+07 FROM MIGRAD    STATUS=INITIATE       72 CALLS          73 TOTAL
                     EDM= unknown      STRATEGY= 1      NO ERROR MATRIX       
  EXT PARAMETER               CURRENT GUESS       STEP         FIRST   
  NO.   NAME      VALUE            ERROR          SIZE      DERIVATIVE 
   1  N_Bkg        1.00000e+07   2.00000e+06   0.00000e+00   9.89218e+06
   2  N_Jpsi       5.00000e+06   1.00000e+06   0.00000e+00   4.95071e+06
   3  m_{J/#Psi}   3.68600e+00   2.00000e-02   0.00000e+00  -1.73792e+02
   4  n_1_A        5.92982e-04   1.00000e+00   0.00000e+00  -6.07131e+02
   5  sigma_1_A    1.50000e-01   1.50000e-02   1.93678e+00** at limit **
   6  sl1          0.00000e+00   2.00000e-01   0.00000e+00   9.35919e+01
   7  sl2          0.00000e+00   2.00000e-01   0.00000e+00  -9.89027e+03
                               ERR DEF= 0.5
[#0] WARNING:Minization -- RooMinimizerFcn: Minimized function has error status.
Returning maximum FCN so far (2.46378e+07) to force MIGRAD to back out of this region. Error log follows
Parameter values: N_Bkg=1.38872e+07, N_Jpsi=5.4079e+06, m_{J/#Psi}=3.7575, n_1_A=0.000791886, sigma_1_A=0.15, sl1=-0.114657, sl2=-0.99257
PID3577929/RooRealMPFE::nll_pdfMASS_Tot_dsAB_5c29a1c05860_MPFE27[ arg=nll_pdfMASS_Tot_dsAB_GOF27 vars=(N_Bkg,N_Jpsi,alpha_1_A,f,m_{J/#Psi},n_1_A,sigma_1_A,sl1,sl2,x_A) ]
     p.d.f value is less than zero (-0.011504), forcing value to zero @ x=mass=4.09052, coefList=(sl1 = -0.114657,sl2 = -0.99257)
     p.d.f value is less than zero (-0.024117), forcing value to zero @ x=mass=4.09178, coefList=(sl1 = -0.114657,sl2 = -0.99257)
     p.d.f value is less than zero (-0.074117), forcing value to zero @ x=mass=4.09675, coefList=(sl1 = -0.114657,sl2 = -0.99257)
     p.d.f value is less than zero (-0.054449), forcing value to zero @ x=mass=4.0948, coefList=(sl1 = -0.114657,sl2 = -0.99257)
     p.d.f value is less than zero (-0.027206), forcing value to zero @ x=mass=4.09209, coefList=(sl1 = -0.114657,sl2 = -0.99257)
     p.d.f value is less than zero (-0.049701), forcing value to zero @ x=mass=4.09433, coefList=(sl1 = -0.114657,sl2 = -0.99257)
     p.d.f value is less than zero (-0.010843), forcing value to zero @ x=mass=4.09045, coefList=(sl1 = -0.114657,sl2 = -0.99257)
     p.d.f value is less than zero (-0.016122), forcing value to zero @ x=mass=4.09098, coefList=(sl1 = -0.114657,sl2 = -0.99257)
     p.d.f value is less than zero (-0.006555), forcing value to zero @ x=mass=4.09002, coefList=(sl1 = -0.114657,sl2 = -0.99257)
     p.d.f value is less than zero (-0.004754), forcing value to zero @ x=mass=4.08984, coefList=(sl1 = -0.114657,sl2 = -0.99257)
     p.d.f value is less than zero (-0.061759), forcing value to zero @ x=mass=4.09552, coefList=(sl1 = -0.114657,sl2 = -0.99257)
     p.d.f value is less than zero (-0.079372), forcing value to zero @ x=mass=4.09726, coefList=(sl1 = -0.114657,sl2 = -0.99257)
    ... (remaining 1804 messages suppressed)

 MIGRAD MINIMIZATION HAS CONVERGED.
 MIGRAD WILL VERIFY CONVERGENCE AND ERROR MATRIX.
 MINUIT WARNING IN HESSE   
 ============== Negative diagonal element 5 in Error Matrix
 MINUIT WARNING IN HESSE   
 ============== 2.64624 added to diagonal of error matrix
 COVARIANCE MATRIX CALCULATED SUCCESSFULLY
 FCN=-1.75347e+06 FROM HESSE     STATUS=OK             62 CALLS         828 TOTAL
                     EDM=0.0229004    STRATEGY= 1      ERROR MATRIX ACCURATE 
  EXT PARAMETER                                   STEP         FIRST   
  NO.   NAME      VALUE            ERROR          SIZE      DERIVATIVE 
   1  N_Bkg        1.53020e+05   1.42134e+03   2.07713e-04   1.33693e+01
   2  N_Jpsi       3.72027e+03   1.38847e+03   1.58810e-03   1.43323e+01
   3  m_{J/#Psi}   3.63796e+00   2.67023e-02   2.12546e-01  -5.71615e-01
   4  n_1_A        4.17650e+00   8.70764e-01   1.69466e-01  -3.41564e-01
   5  sigma_1_A    1.49996e-01   1.09903e-01   5.00000e-01   2.48358e-02
   6  sl1         -8.25288e-02   6.81697e-03   4.07807e-03  -6.23492e-01
   7  sl2         -2.62396e-05   8.21571e-03   3.95459e-03   1.09032e-01
                               ERR DEF= 0.5
 MIGRAD MINIMIZATION HAS CONVERGED.
 MIGRAD WILL VERIFY CONVERGENCE AND ERROR MATRIX.
 COVARIANCE MATRIX CALCULATED SUCCESSFULLY
 MIGRAD TERMINATED WITHOUT CONVERGENCE.
 FCN=-1.75347e+06 FROM MIGRAD    STATUS=FAILED       1160 CALLS        1161 TOTAL
                     EDM=0.0145024    STRATEGY= 1      ERR MATRIX APPROXIMATE
  EXT PARAMETER                APPROXIMATE        STEP         FIRST   
  NO.   NAME      VALUE            ERROR          SIZE      DERIVATIVE 
   1  N_Bkg        1.55313e+05   5.69348e+02   2.06190e-04   2.39550e+01
   2  N_Jpsi       1.42638e+03   4.26251e+02   1.87192e-03   1.81959e+01
   3  m_{J/#Psi}   3.64613e+00   1.94028e-02   1.82411e-01  -1.50611e-01
   4  n_1_A        4.23283e+00   9.06304e-01   1.68643e-01  -6.32899e-02
   5  sigma_1_A    7.06704e-02   1.54246e-02   1.74939e-01   5.83058e-01
   6  sl1         -8.72913e-02   4.73186e-03   4.03106e-03  -2.58286e-01
   7  sl2         -8.67013e-03   5.57008e-03   3.92114e-03   1.85156e-02
                               ERR DEF= 0.5
 EXTERNAL ERROR MATRIX.    NDIM=  25    NPAR=  7    ERR DEF=0.5
  3.242e+05 -1.744e+05 -8.307e-01 -2.741e+00  2.295e+00  4.873e-01  1.395e+00 
 -1.744e+05  1.817e+05  8.575e-01  2.821e+00 -2.364e+00 -5.033e-01 -1.442e+00 
 -8.307e-01  8.575e-01  3.822e-04  2.800e-05 -2.687e-05 -2.773e-05  7.386e-06 
 -2.741e+00  2.821e+00  2.800e-05  8.308e-01 -1.852e-06 -4.613e-05  3.691e-05 
  2.295e+00 -2.364e+00 -2.687e-05 -1.852e-06  2.414e-04  6.443e-06  6.418e-06 
  4.873e-01 -5.033e-01 -2.773e-05 -4.613e-05  6.443e-06  2.239e-05  2.845e-06 
  1.395e+00 -1.442e+00  7.386e-06  3.691e-05  6.418e-06  2.845e-06  3.103e-05 
ERR MATRIX APPROXIMATE
 PARAMETER  CORRELATION COEFFICIENTS  
       NO.  GLOBAL      1      2      3      4      5      6      7
        1  0.71871   1.000 -0.719 -0.075 -0.005  0.259  0.181  0.440
        2  0.81912  -0.719  1.000  0.103  0.007 -0.357 -0.250 -0.607
        3  0.33678  -0.075  0.103  1.000  0.002 -0.088 -0.300  0.068
        4  0.01960  -0.005  0.007  0.002  1.000 -0.000 -0.011  0.007
        5  0.40075   0.259 -0.357 -0.088 -0.000  1.000  0.088  0.074
        6  0.37241   0.181 -0.250 -0.300 -0.011  0.088  1.000  0.108
        7  0.63827   0.440 -0.607  0.068  0.007  0.074  0.108  1.000
 ERR MATRIX APPROXIMATE
Real time 0:00:01, CP time 0.250
Real time 0:00:01, CP time 0.250
 **********
 **    7 **SET ERR         0.5
 **********
 **********
 **    8 **SET PRINT           1
 **********
 **********
 **    9 **HESSE        3500
 **********
 COVARIANCE MATRIX CALCULATED SUCCESSFULLY
 FCN=-1.75347e+06 FROM HESSE     STATUS=OK             50 CALLS        1211 TOTAL
                     EDM=0.0194986    STRATEGY= 1      ERROR MATRIX ACCURATE 
  EXT PARAMETER                                INTERNAL      INTERNAL  
  NO.   NAME      VALUE            ERROR       STEP SIZE       VALUE   
   1  N_Bkg        1.55313e+05   7.64486e+02   4.38594e-05  -1.83960e+02
   2  N_Jpsi       1.42638e+03   6.56746e+02   7.48766e-05  -3.22037e+02
   3  m_{J/#Psi}   3.64613e+00   1.99327e-02   7.29643e-03   1.84395e+01
   4  n_1_A        4.23283e+00   9.02320e-01   6.74570e-03  -1.54043e-01
   5  sigma_1_A    7.06704e-02   2.29009e-02   6.99758e-03  -5.77606e-02
   6  sl1         -8.72913e-02   4.93936e-03   8.06212e-04  -8.74025e-02
   7  sl2         -8.67013e-03   6.61947e-03   1.56846e-04  -8.67023e-03
                               ERR DEF= 0.5
 EXTERNAL ERROR MATRIX.    NDIM=  25    NPAR=  7    ERR DEF=0.5
  5.844e+05 -4.295e+05 -2.259e+00 -7.450e+00  1.169e+01  1.225e+00  3.206e+00 
 -4.295e+05  4.313e+05  2.261e+00  7.456e+00 -1.170e+01 -1.226e+00 -3.208e+00 
 -2.259e+00  2.261e+00  4.037e-04  8.384e-05 -1.342e-04 -3.159e-05  2.411e-06 
 -7.450e+00  7.456e+00  8.384e-05  8.234e-01 -1.053e-04 -6.766e-05  1.187e-05 
  1.169e+01 -1.170e+01 -1.342e-04 -1.053e-04  5.417e-04  3.716e-05  7.207e-05 
  1.225e+00 -1.226e+00 -3.159e-05 -6.766e-05  3.716e-05  2.440e-05  7.652e-06 
  3.206e+00 -3.208e+00  2.411e-06  1.187e-05  7.207e-05  7.652e-06  4.382e-05 
 PARAMETER  CORRELATION COEFFICIENTS  
       NO.  GLOBAL      1      2      3      4      5      6      7
        1  0.85548   1.000 -0.855 -0.147 -0.011  0.657  0.325  0.633
        2  0.92802  -0.855  1.000  0.171  0.013 -0.765 -0.378 -0.738
        3  0.42187  -0.147  0.171  1.000  0.005 -0.287 -0.318  0.018
        4  0.02587  -0.011  0.013  0.005  1.000 -0.005 -0.015  0.002
        5  0.78951   0.657 -0.765 -0.287 -0.005  1.000  0.323  0.468
        6  0.45776   0.325 -0.378 -0.318 -0.015  0.323  1.000  0.234
        7  0.76183   0.633 -0.738  0.018  0.002  0.468  0.234  1.000
Real time 0:00:00, CP time 0.020
Real time 0:00:01, CP time 0.270, 2 slices

********* Finished Mass Dist. Fit **************


  RooFitResult: minimized FCN value: -1.75347e+06, estimated distance to minimum: 0.0194986
                covariance matrix quality: Full, accurate covariance matrix
                Status : MINIMIZE=-1 HESSE=4 

    Floating Parameter    FinalValue +/-  Error   
  --------------------  --------------------------
                 N_Bkg    1.5531e+05 +/-  7.64e+02
                N_Jpsi    1.4264e+03 +/-  6.57e+02
            m_{J/#Psi}    3.6461e+00 +/-  1.99e-02
                 n_1_A    4.2328e+00 +/-  9.02e-01
             sigma_1_A    7.0670e-02 +/-  2.29e-02
                   sl1   -8.7291e-02 +/-  4.94e-03
                   sl2   -8.6701e-03 +/-  6.62e-03

 *** NLL : -1753471.7226011
Info in <TCanvas::Print>: pdf file figs/PRMC/Mass_Fixed_pt3.5-6.5_y1.6-2.4_muPt0.0_centrality0-180_PRw_Effw0_Accw0_PtW0_TnP0.pdf has been created

###### Fit Convergence Check ######
Caveat: mean was fixed so it's not a matter
Hesse: 4	 edm: 0.0194986378910263	 mll: -1753471.7226011
[Fit Converged]

Processing MassFit_FixPar_Data.C(6.5,9,1.6,2.4,0,180,1)...

[1mRooFit v3.60 -- Developed by Wouter Verkerke and David Kirkby[0m 
                Copyright (C) 2000-2013 NIKHEF, University of California & Stanford University
                All rights reserved, please read http://roofit.sourceforge.net/license.txt

l_cut: 0.0305
RooDataSet::dataset[mass,pt,y,pt1,pt2,eta1,eta2,weight,cBin,recoQQsign,NumDimu,ctau3D,ctau3DErr,ctau3DRes,ctau3D2S,ctau3DErr2S,ctau3DRes2S] = 638945 entries
pt: 6.5-9, y: 1.6-2.4, Cent: 0-180%
####################################
******** New Combined Dataset ***********
RooRealVar::mass = 3.41342  L(3.3 - 4.1) // [GeV/c^{2}]

********* Starting Mass Dist. Fit **************

 **********
 **    1 **SET PRINT           1
 **********
 **********
 **    2 **SET NOGRAD
 **********
 PARAMETER DEFINITIONS:
    NO.   NAME         VALUE      STEP SIZE      LIMITS
     1 N_Bkg        2.50000e+05  5.00000e+04    0.00000e+00  5.00000e+05
     2 N_Jpsi       2.50000e+03  5.00000e+02    0.00000e+00  5.00000e+03
     3 m_{J/#Psi}   3.68600e+00  2.00000e-02    3.58600e+00  3.78600e+00
     4 n_1_A        2.70616e+00  1.00000e+00    0.00000e+00  1.00000e+01
     5 sigma_1_A    4.60575e-02  1.50000e-02    0.00000e+00  1.50000e-01
     6 sl1          0.00000e+00  2.00000e-01   -1.00000e+00  1.00000e+00
 **********
 **    3 **SET ERR         0.5
 **********
 **********
 **    4 **SET PRINT           1
 **********
 **********
 **    5 **SET STR           1
 **********
 NOW USING STRATEGY  1: TRY TO BALANCE SPEED AGAINST RELIABILITY
 **********
 **    6 **MIGRAD        3000           1
 **********
 FIRST CALL TO USER FUNCTION AT NEW START POINT, WITH IFLAG=4.
 START MIGRAD MINIMIZATION.  STRATEGY  1.  CONVERGENCE WHEN EDM .LT. 1.00e-03
 FCN=-74628.1 FROM MIGRAD    STATUS=INITIATE       22 CALLS          23 TOTAL
                     EDM= unknown      STRATEGY= 1      NO ERROR MATRIX       
  EXT PARAMETER               CURRENT GUESS       STEP         FIRST   
  NO.   NAME      VALUE            ERROR          SIZE      DERIVATIVE 
   1  N_Bkg        2.50000e+05   5.00000e+04   2.01358e-01   2.24427e+05
   2  N_Jpsi       2.50000e+03   5.00000e+02   2.01358e-01   2.23687e+03
   3  m_{J/#Psi}   3.68600e+00   2.00000e-02   2.01358e-01   9.98524e+00
   4  n_1_A        2.70616e+00   1.00000e+00   2.28717e-01   8.32720e-01
   5  sigma_1_A    4.60575e-02   1.50000e-02   2.19501e-01   3.65153e+00
   6  sl1          0.00000e+00   2.00000e-01   2.01358e-01   1.22946e+03
                               ERR DEF= 0.5
 MINUIT WARNING IN MIGRAD  
 ============== Negative diagonal element 1 in Error Matrix
 MINUIT WARNING IN MIGRAD  
 ============== 1.00021 added to diagonal of error matrix
 MIGRAD MINIMIZATION HAS CONVERGED.
 MIGRAD WILL VERIFY CONVERGENCE AND ERROR MATRIX.
 COVARIANCE MATRIX CALCULATED SUCCESSFULLY
 FCN=-242491 FROM MIGRAD    STATUS=CONVERGED     541 CALLS         542 TOTAL
                     EDM=0.000896073    STRATEGY= 1      ERROR MATRIX ACCURATE 
  EXT PARAMETER                                   STEP         FIRST   
  NO.   NAME      VALUE            ERROR          SIZE      DERIVATIVE 
   1  N_Bkg        2.54338e+04   2.05012e+02   4.97258e-04  -7.26987e-02
   2  N_Jpsi       4.00112e+02   1.31610e+02   2.10527e-02   1.11356e-01
   3  m_{J/#Psi}   3.68220e+00   1.55788e-02   5.09581e-02   1.51204e-02
   4  n_1_A        2.70343e+00   3.57485e-01   2.74164e-02  -1.18495e-02
   5  sigma_1_A    4.61024e-02   1.56326e-02   5.53251e-02  -1.56506e-01
   6  sl1         -1.44286e-01   1.10151e-02   1.11468e-02   2.21359e-01
                               ERR DEF= 0.5
 EXTERNAL ERROR MATRIX.    NDIM=  25    NPAR=  6    ERR DEF=0.5
  4.203e+04  1.678e+04 -3.455e-01  5.185e-01  1.412e+00  1.565e-01 
  1.678e+04  1.738e+04 -3.487e-01  5.236e-01  1.426e+00  1.582e-01 
 -3.455e-01 -3.487e-01  2.447e-04  1.195e-05 -6.560e-05 -2.935e-05 
  5.185e-01  5.236e-01  1.195e-05  1.281e-01 -3.800e-05  3.478e-05 
  1.412e+00  1.426e+00 -6.560e-05 -3.800e-05  2.487e-04  1.742e-05 
  1.565e-01  1.582e-01 -2.935e-05  3.478e-05  1.742e-05  1.213e-04 
 PARAMETER  CORRELATION COEFFICIENTS  
       NO.  GLOBAL      1      2      3      4      5      6
        1  0.62109   1.000  0.621 -0.108  0.007  0.437  0.069
        2  0.77413   0.621  1.000 -0.169  0.011  0.686  0.109
        3  0.30379  -0.108 -0.169  1.000  0.002 -0.266 -0.170
        4  0.02416   0.007  0.011  0.002  1.000 -0.007  0.009
        5  0.70282   0.437  0.686 -0.266 -0.007  1.000  0.100
        6  0.18898   0.069  0.109 -0.170  0.009  0.100  1.000
Real time 0:00:00, CP time 0.130
Real time 0:00:00, CP time 0.130
 **********
 **    7 **SET ERR         0.5
 **********
 **********
 **    8 **SET PRINT           1
 **********
 **********
 **    9 **HESSE        3000
 **********
 COVARIANCE MATRIX CALCULATED SUCCESSFULLY
 FCN=-242491 FROM HESSE     STATUS=OK             42 CALLS         584 TOTAL
                     EDM=0.000862662    STRATEGY= 1      ERROR MATRIX ACCURATE 
  EXT PARAMETER                                INTERNAL      INTERNAL  
  NO.   NAME      VALUE            ERROR       STEP SIZE       VALUE   
   1  N_Bkg        2.54338e+04   2.03822e+02   3.47010e-05   7.27734e+02
   2  N_Jpsi       4.00112e+02   1.28354e+02   8.42107e-04  -4.60144e+03
   3  m_{J/#Psi}   3.68220e+00   1.54449e-02   2.03832e-03  -9.39298e+02
   4  n_1_A        2.70343e+00   3.57466e-01   1.09666e-03  -3.08353e+02
   5  sigma_1_A    4.61024e-02   1.51953e-02   2.21301e-03   2.08955e+03
   6  sl1         -1.44286e-01   1.10120e-02   1.11468e-03  -2.33764e+04
                               ERR DEF= 0.5
 EXTERNAL ERROR MATRIX.    NDIM=  25    NPAR=  6    ERR DEF=0.5
  4.154e+04  1.612e+04 -3.354e-01  7.536e-01  1.303e+00  1.521e-01 
  1.612e+04  1.652e+04 -3.355e-01  7.539e-01  1.304e+00  1.522e-01 
 -3.354e-01 -3.355e-01  2.405e-04  2.917e-06 -5.509e-05 -2.892e-05 
  7.536e-01  7.539e-01  2.917e-06  1.281e-01 -1.427e-05  3.900e-05 
  1.303e+00  1.304e+00 -5.509e-05 -1.427e-05  2.347e-04  1.545e-05 
  1.521e-01  1.522e-01 -2.892e-05  3.900e-05  1.545e-05  1.213e-04 
 PARAMETER  CORRELATION COEFFICIENTS  
       NO.  GLOBAL      1      2      3      4      5      6
        1  0.61527   1.000  0.615 -0.106  0.010  0.417  0.068
        2  0.76068   0.615  1.000 -0.168  0.016  0.662  0.107
        3  0.27570  -0.106 -0.168  1.000  0.001 -0.232 -0.169
        4  0.02587   0.010  0.016  0.001  1.000 -0.003  0.010
        5  0.67335   0.417  0.662 -0.232 -0.003  1.000  0.092
        6  0.18757   0.068  0.107 -0.169  0.010  0.092  1.000
Real time 0:00:00, CP time 0.010
Real time 0:00:00, CP time 0.140, 2 slices

********* Finished Mass Dist. Fit **************


  RooFitResult: minimized FCN value: -242491, estimated distance to minimum: 0.000862662
                covariance matrix quality: Full, accurate covariance matrix
                Status : MINIMIZE=0 HESSE=0 

    Floating Parameter    FinalValue +/-  Error   
  --------------------  --------------------------
                 N_Bkg    2.5434e+04 +/-  2.04e+02
                N_Jpsi    4.0011e+02 +/-  1.28e+02
            m_{J/#Psi}    3.6822e+00 +/-  1.54e-02
                 n_1_A    2.7034e+00 +/-  3.57e-01
             sigma_1_A    4.6102e-02 +/-  1.52e-02
                   sl1   -1.4429e-01 +/-  1.10e-02

 *** NLL : -242490.599780315
Info in <TCanvas::Print>: pdf file figs/PRMC/Mass_Fixed_pt6.5-9.0_y1.6-2.4_muPt0.0_centrality0-180_PRw_Effw0_Accw0_PtW0_TnP0.pdf has been created

###### Fit Convergence Check ######
Caveat: mean was fixed so it's not a matter
Hesse: 0	 edm: 0.000862662088728918	 mll: -242490.599780315
[Fit Converged]

Processing MassFit_FixPar_Data.C(9,12,1.6,2.4,0,180,1)...

[1mRooFit v3.60 -- Developed by Wouter Verkerke and David Kirkby[0m 
                Copyright (C) 2000-2013 NIKHEF, University of California & Stanford University
                All rights reserved, please read http://roofit.sourceforge.net/license.txt

l_cut: 0.0265
RooDataSet::dataset[mass,pt,y,pt1,pt2,eta1,eta2,weight,cBin,recoQQsign,NumDimu,ctau3D,ctau3DErr,ctau3DRes,ctau3D2S,ctau3DErr2S,ctau3DRes2S] = 638945 entries
pt: 9-12, y: 1.6-2.4, Cent: 0-180%
####################################
******** New Combined Dataset ***********
RooRealVar::mass = 3.41342  L(3.3 - 4.1) // [GeV/c^{2}]

********* Starting Mass Dist. Fit **************

 **********
 **    1 **SET PRINT           1
 **********
 **********
 **    2 **SET NOGRAD
 **********
 PARAMETER DEFINITIONS:
    NO.   NAME         VALUE      STEP SIZE      LIMITS
     1 N_Bkg        1.00000e+07  2.00000e+06    0.00000e+00  2.00000e+07
 MINUIT WARNING IN PARAM DEF
 ============== LIMITS ON PARAM1 TOO FAR APART.
 PARAMETER DEFINITIONS:
    NO.   NAME         VALUE      STEP SIZE      LIMITS
     2 N_Jpsi       5.00000e+06  1.00000e+06    0.00000e+00  1.00000e+07
     3 m_{J/#Psi}   3.68600e+00  2.00000e-02    3.58600e+00  3.78600e+00
     4 n_1_A        3.83617e+00  1.00000e+00    0.00000e+00  1.00000e+01
     5 sigma_1_A    4.81646e-02  1.50000e-02    0.00000e+00  1.50000e-01
     6 sl1          0.00000e+00  2.00000e-01   -1.00000e+00  1.00000e+00
 **********
 **    3 **SET ERR         0.5
 **********
 **********
 **    4 **SET PRINT           1
 **********
 **********
 **    5 **SET STR           1
 **********
 NOW USING STRATEGY  1: TRY TO BALANCE SPEED AGAINST RELIABILITY
 **********
 **    6 **MIGRAD        3000           1
 **********
 FIRST CALL TO USER FUNCTION AT NEW START POINT, WITH IFLAG=4.
 START MIGRAD MINIMIZATION.  STRATEGY  1.  CONVERGENCE WHEN EDM .LT. 1.00e-03
 FCN=1.49045e+07 FROM MIGRAD    STATUS=INITIATE       24 CALLS          25 TOTAL
                     EDM= unknown      STRATEGY= 1      NO ERROR MATRIX       
  EXT PARAMETER               CURRENT GUESS       STEP         FIRST   
  NO.   NAME      VALUE            ERROR          SIZE      DERIVATIVE 
   1  N_Bkg        1.00000e+07   2.00000e+06   2.01358e-01   9.99251e+06
   2  N_Jpsi       5.00000e+06   1.00000e+06   2.01358e-01   4.98982e+06
   3  m_{J/#Psi}   3.68600e+00   2.00000e-02   2.01358e-01   3.27915e+01
   4  n_1_A        3.83617e+00   1.00000e+00   2.07393e-01   5.90473e+01
   5  sigma_1_A    4.81646e-02   1.50000e-02   2.16636e-01  -7.11599e+02
   6  sl1          0.00000e+00   2.00000e-01   2.01358e-01   5.29145e+01
                               ERR DEF= 0.5
 MIGRAD FAILS TO FIND IMPROVEMENT
 MINUIT WARNING IN HESSE   
 ============== Negative diagonal element 4 in Error Matrix
 MINUIT WARNING IN HESSE   
 ============== 1699.38 added to diagonal of error matrix
 EIGENVALUES OF SECOND-DERIVATIVE MATRIX:
        -3.0310e+01  7.9781e-01  9.9432e-01  1.0012e+00  1.2209e+00  3.2296e+01
 MINUIT WARNING IN HESSE   
 ============== MATRIX FORCED POS-DEF BY ADDING 30.342336 TO DIAGONAL.
 FCN=4.57671e+06 FROM HESSE     STATUS=NOT POSDEF     40 CALLS          96 TOTAL
                     EDM=4.00285e+06    STRATEGY= 1      ERR MATRIX NOT POS-DEF
  EXT PARAMETER                APPROXIMATE        STEP         FIRST   
  NO.   NAME      VALUE            ERROR          SIZE      DERIVATIVE 
   1  N_Bkg        1.18519e+06   3.19860e+02   2.34938e-03   4.71154e+06
   2  N_Jpsi       3.47898e+06   7.47186e+02   5.73629e-02   4.75885e+06
   3  m_{J/#Psi}   3.68058e+00   3.05134e-03   8.49339e-02  -1.37826e+02
   4  n_1_A        1.04025e+00   7.27997e+00   3.91495e-02  -7.54047e+02
   5  sigma_1_A    7.19733e-02   4.57786e-03   4.46828e-02  -1.77839e+03
   6  sl1         -1.53817e-02   2.32472e-02   3.56183e-02  -3.83640e+02
                               ERR DEF= 0.5
 MIGRAD FAILS TO FIND IMPROVEMENT
 MIGRAD TERMINATED WITHOUT CONVERGENCE.
 FCN=-45125.7 FROM MIGRAD    STATUS=FAILED        525 CALLS         526 TOTAL
                     EDM=0.0162105    STRATEGY= 1      ERR MATRIX NOT POS-DEF
  EXT PARAMETER                APPROXIMATE        STEP         FIRST   
  NO.   NAME      VALUE            ERROR          SIZE      DERIVATIVE 
   1  N_Bkg        5.70349e+03   7.66889e+01   0.00000e+00  -2.44296e+02
   2  N_Jpsi       1.97262e+01   7.40423e+00  -0.00000e+00   5.72750e+01
   3  m_{J/#Psi}   3.69149e+00   1.08414e-03   0.00000e+00  -7.26506e+00
   4  n_1_A        3.79244e+00   4.10827e-01  -0.00000e+00   1.32070e+00
   5  sigma_1_A    1.55742e-03   5.93732e-05   0.00000e+00  -1.21615e+00
   6  sl1         -7.77915e-02   2.33084e-02  -0.00000e+00   9.70571e-01
                               ERR DEF= 0.5
 EXTERNAL ERROR MATRIX.    NDIM=  25    NPAR=  6    ERR DEF=0.5
  5.881e+03 -2.100e+01  2.646e-04 -4.537e-02 -2.705e-04 -1.047e-02 
 -2.100e+01  5.482e+01 -1.891e-03  4.340e-02  6.583e-06  7.305e-04 
  2.646e-04 -1.891e-03  1.175e-06  5.209e-05 -1.504e-08  1.323e-06 
 -4.537e-02  4.340e-02  5.209e-05  1.692e-01 -9.163e-06  1.636e-04 
 -2.705e-04  6.583e-06 -1.504e-08 -9.163e-06  3.525e-09  5.343e-07 
 -1.047e-02  7.305e-04  1.323e-06  1.636e-04  5.343e-07  5.434e-04 
ERR MATRIX NOT POS-DEF
 PARAMETER  CORRELATION COEFFICIENTS  
       NO.  GLOBAL      1      2      3      4      5      6
        1  0.08092   1.000 -0.037  0.003 -0.001 -0.059 -0.006
        2  0.24611  -0.037  1.000 -0.236  0.014  0.015  0.004
        3  0.36431   0.003 -0.236  1.000  0.117 -0.234  0.052
        4  0.41562  -0.001  0.014  0.117  1.000 -0.375  0.017
        5  0.58646  -0.059  0.015 -0.234 -0.375  1.000  0.386
        6  0.44819  -0.006  0.004  0.052  0.017  0.386  1.000
 ERR MATRIX NOT POS-DEF
Real time 0:00:00, CP time 0.130
Real time 0:00:00, CP time 0.130
 **********
 **    7 **SET ERR         0.5
 **********
 **********
 **    8 **SET PRINT           1
 **********
 **********
 **    9 **HESSE        3000
 **********
 EIGENVALUES OF SECOND-DERIVATIVE MATRIX:
        -2.1177e-01  9.7292e-01  1.0000e+00  1.0003e+00  1.0952e+00  2.1433e+00
 MINUIT WARNING IN HESSE   
 ============== MATRIX FORCED POS-DEF BY ADDING 0.213911 TO DIAGONAL.
 FCN=-45125.7 FROM HESSE     STATUS=NOT POSDEF     46 CALLS         572 TOTAL
                     EDM=71.2942    STRATEGY= 1      ERR MATRIX NOT POS-DEF
  EXT PARAMETER                APPROXIMATE     INTERNAL      INTERNAL  
  NO.   NAME      VALUE            ERROR       STEP SIZE       VALUE   
   1  N_Bkg        5.70349e+03   1.04333e+02   6.02940e-04  -1.26446e+03
   2  N_Jpsi       1.97262e+01   1.58570e+02   1.79539e-03  -3.76520e+03
   3  m_{J/#Psi}   3.69149e+00   9.22677e-03   1.45091e-03   1.03618e+02
   4  n_1_A        3.79244e+00   3.64741e-01   1.21002e-02   1.34557e+04
   5  sigma_1_A    1.55742e-03   1.67315e-02   6.69738e-03  -2.08712e+02
   6  sl1         -7.77915e-02   2.11902e-02   3.42959e-03   7.86177e+01
                               ERR DEF= 0.5
 EXTERNAL ERROR MATRIX.    NDIM=  25    NPAR=  6    ERR DEF=0.5
  1.089e+04 -8.790e+03 -7.216e-01 -3.178e+00 -8.212e-01  9.703e-02 
 -8.790e+03  1.251e+04  1.026e+00  4.521e+00  1.168e+00 -1.379e-01 
 -7.216e-01  1.026e+00  8.538e-05  3.675e-04  9.627e-05 -1.135e-05 
 -3.178e+00  4.521e+00  3.675e-04  1.333e-01  4.194e-04 -5.014e-05 
 -8.212e-01  1.168e+00  9.627e-05  4.194e-04  1.096e-04 -1.289e-05 
  9.703e-02 -1.379e-01 -1.135e-05 -5.014e-05 -1.289e-05  4.491e-04 
ERR MATRIX NOT POS-DEF
 PARAMETER  CORRELATION COEFFICIENTS  
       NO.  GLOBAL      1      2      3      4      5      6
        1  0.75325   1.000 -0.753 -0.749 -0.083 -0.752  0.044
        2  0.99734  -0.753  1.000  0.993  0.111  0.997 -0.058
        3  0.99520  -0.749  0.993  1.000  0.109  0.995 -0.058
        4  0.11118  -0.083  0.111  0.109  1.000  0.110 -0.006
        5  0.99817  -0.752  0.997  0.995  0.110  1.000 -0.058
        6  0.05820   0.044 -0.058 -0.058 -0.006 -0.058  1.000
 ERR MATRIX NOT POS-DEF
Real time 0:00:00, CP time 0.010
Real time 0:00:00, CP time 0.140, 2 slices

********* Finished Mass Dist. Fit **************

[#0] ERROR:Eval -- RooAbsReal::logEvalError(pdfMASS_Jpsi_Int[mass|fit_nll_pdfMASS_Tot_dsAB]_Norm[mass]) evaluation error, 
 origin       : RooRealIntegral::pdfMASS_Jpsi_Int[mass|fit_nll_pdfMASS_Tot_dsAB]_Norm[mass][ Int pdfMASS_Jpsi_Norm(mass) d[Ana](mass) ]
 message      : function value is NAN
 server values: !sumList=(), !intList=(), !anaList=(mass = 3.41342), !jacList=(), !facList=(), !func=pdfMASS_Jpsi=0/1, !sumCat=()
[#0] ERROR:Eval -- RooAbsReal::logEvalError(pdfMASS_Tot_Int[mass|fit_nll_pdfMASS_Tot_dsAB]_Norm[mass]) evaluation error, 
 origin       : RooRealIntegral::pdfMASS_Tot_Int[mass|fit_nll_pdfMASS_Tot_dsAB]_Norm[mass][ Int pdfMASS_Tot_Norm(mass) d[Ana](mass) ]
 message      : function value is NAN
 server values: !sumList=(), !intList=(), !anaList=(mass = 3.41342), !jacList=(), !facList=(), !func=pdfMASS_Tot=1.31512/1, !sumCat=()

  RooFitResult: minimized FCN value: -45125.7, estimated distance to minimum: 71.2942
                covariance matrix quality: Full matrix, but forced positive-definite
                Status : MINIMIZE=-1 HESSE=4 

    Floating Parameter    FinalValue +/-  Error   
  --------------------  --------------------------
                 N_Bkg    5.7035e+03 +/-  1.04e+02
                N_Jpsi    1.9726e+01 +/-  1.59e+02
            m_{J/#Psi}    3.6915e+00 +/-  9.23e-03
                 n_1_A    3.7924e+00 +/-  3.65e-01
             sigma_1_A    1.5574e-03 +/-  1.67e-02
                   sl1   -7.7791e-02 +/-  2.12e-02

 *** NLL : -45125.7171079635
Info in <TCanvas::Print>: pdf file figs/PRMC/Mass_Fixed_pt9.0-12.0_y1.6-2.4_muPt0.0_centrality0-180_PRw_Effw0_Accw0_PtW0_TnP0.pdf has been created

###### Fit Convergence Check ######
Caveat: mean was fixed so it's not a matter
Hesse: 4	 edm: 71.2942486717733	 mll: -45125.7171079635
[31m[Stuck] N_Jpsi [0m // Final Value : 19.7262442375168 (0 ~ 10000000)

[31m[Stuck] sigma_1_A [0m // Final Value : 0.00155741626342686 (0 ~ 0.15)


Processing MassFit_FixPar_Data.C(12,40,1.6,2.4,0,180,1)...

[1mRooFit v3.60 -- Developed by Wouter Verkerke and David Kirkby[0m 
                Copyright (C) 2000-2013 NIKHEF, University of California & Stanford University
                All rights reserved, please read http://roofit.sourceforge.net/license.txt

l_cut: 0.0195
RooDataSet::dataset[mass,pt,y,pt1,pt2,eta1,eta2,weight,cBin,recoQQsign,NumDimu,ctau3D,ctau3DErr,ctau3DRes,ctau3D2S,ctau3DErr2S,ctau3DRes2S] = 638945 entries
pt: 12-40, y: 1.6-2.4, Cent: 0-180%
####################################
******** New Combined Dataset ***********
RooRealVar::mass = 3.41342  L(3.3 - 4.1) // [GeV/c^{2}]

********* Starting Mass Dist. Fit **************

 **********
 **    1 **SET PRINT           1
 **********
 **********
 **    2 **SET NOGRAD
 **********
 PARAMETER DEFINITIONS:
    NO.   NAME         VALUE      STEP SIZE      LIMITS
     1 N_Bkg        1.00000e+07  2.00000e+06    0.00000e+00  2.00000e+07
 MINUIT WARNING IN PARAM DEF
 ============== LIMITS ON PARAM1 TOO FAR APART.
 PARAMETER DEFINITIONS:
    NO.   NAME         VALUE      STEP SIZE      LIMITS
     2 N_Jpsi       5.00000e+06  1.00000e+06    0.00000e+00  1.00000e+07
     3 m_{J/#Psi}   3.68600e+00  2.00000e-02    3.58600e+00  3.78600e+00
     4 n_1_A        2.49429e+00  1.00000e+00    0.00000e+00  1.00000e+01
     5 sigma_1_A    4.67968e-02  1.50000e-02    0.00000e+00  1.50000e-01
     6 sl1          0.00000e+00  2.00000e-01   -1.00000e+00  1.00000e+00
 **********
 **    3 **SET ERR         0.5
 **********
 **********
 **    4 **SET PRINT           1
 **********
 **********
 **    5 **SET STR           1
 **********
 NOW USING STRATEGY  1: TRY TO BALANCE SPEED AGAINST RELIABILITY
 **********
 **    6 **MIGRAD        3000           1
 **********
 FIRST CALL TO USER FUNCTION AT NEW START POINT, WITH IFLAG=4.
 START MIGRAD MINIMIZATION.  STRATEGY  1.  CONVERGENCE WHEN EDM .LT. 1.00e-03
 FCN=1.49673e+07 FROM MIGRAD    STATUS=INITIATE       20 CALLS          21 TOTAL
                     EDM= unknown      STRATEGY= 1      NO ERROR MATRIX       
  EXT PARAMETER               CURRENT GUESS       STEP         FIRST   
  NO.   NAME      VALUE            ERROR          SIZE      DERIVATIVE 
   1  N_Bkg        1.00000e+07   2.00000e+06   2.01358e-01   9.98938e+06
   2  N_Jpsi       5.00000e+06   1.00000e+06   2.01358e-01   4.96583e+06
   3  m_{J/#Psi}   3.68600e+00   2.00000e-02   2.01358e-01   1.71284e+01
   4  n_1_A        2.49429e+00   1.00000e+00   2.35554e-01   2.18545e+01
   5  sigma_1_A    4.67968e-02   1.50000e-02   2.18457e-01  -2.20427e+02
   6  sl1          0.00000e+00   2.00000e-01   2.01358e-01  -1.50434e+01
                               ERR DEF= 0.5
 MIGRAD FAILS TO FIND IMPROVEMENT
 COVARIANCE MATRIX CALCULATED SUCCESSFULLY
 FCN=3.9551e+06 FROM HESSE     STATUS=OK             42 CALLS          98 TOTAL
                     EDM=4.98896e+06    STRATEGY= 1      ERROR MATRIX ACCURATE 
  EXT PARAMETER                                   STEP         FIRST   
  NO.   NAME      VALUE            ERROR          SIZE      DERIVATIVE 
   1  N_Bkg        3.57387e+06   3.02150e+03   3.80675e-03   7.65815e+06
   2  N_Jpsi       4.11429e+05   9.27361e+02   8.70138e-03  -1.98522e+06
   3  m_{J/#Psi}   3.68065e+00   1.51149e-02   1.95741e-01   3.31372e+00
   4  n_1_A        2.28487e+00   2.48542e-01   8.56550e-02  -1.45447e+01
   5  sigma_1_A    6.78664e-02   1.35655e-02   2.51629e-01   4.24128e+00
   6  sl1          1.54984e-02   4.30646e-02   5.79931e-02   1.09809e+01
                               ERR DEF= 0.5
 MIGRAD FAILS TO FIND IMPROVEMENT
 MIGRAD TERMINATED WITHOUT CONVERGENCE.
 FCN=-13324.7 FROM MIGRAD    STATUS=FAILED        249 CALLS         250 TOTAL
                     EDM=0.820485    STRATEGY= 1  ERROR MATRIX UNCERTAINTY   7.5 per cent
  EXT PARAMETER                APPROXIMATE        STEP         FIRST   
  NO.   NAME      VALUE            ERROR          SIZE      DERIVATIVE 
   1  N_Bkg        1.70503e+03   7.63355e+01  -0.00000e+00  -1.98784e+03
   2  N_Jpsi       2.71437e+02   5.76115e+01   0.00000e+00  -1.50633e+03
   3  m_{J/#Psi}   3.66776e+00   1.92815e-02  -0.00000e+00   3.14214e+00
   4  n_1_A        2.49643e+00   2.56315e-01  -0.00000e+00   1.41701e-01
   5  sigma_1_A    1.42333e-01   2.94272e-03   0.00000e+00  -2.70336e+00
   6  sl1          4.57112e-02   4.25157e-02  -0.00000e+00   1.92531e+01
                               ERR DEF= 0.5
 EXTERNAL ERROR MATRIX.    NDIM=  25    NPAR=  6    ERR DEF=0.5
  5.827e+03 -3.485e+03  7.575e-01 -2.020e-01 -1.409e-01 -1.092e+00 
 -3.485e+03  3.319e+03 -7.060e-01  1.665e-01  1.215e-01  8.172e-01 
  7.575e-01 -7.060e-01  3.766e-04  2.485e-06 -2.405e-05 -3.695e-04 
 -2.020e-01  1.665e-01  2.485e-06  6.577e-02 -4.436e-05  6.250e-06 
 -1.409e-01  1.215e-01 -2.405e-05 -4.436e-05  8.683e-06  3.200e-05 
 -1.092e+00  8.172e-01 -3.695e-04  6.250e-06  3.200e-05  1.809e-03 
ERR MATRIX APPROXIMATE
 PARAMETER  CORRELATION COEFFICIENTS  
       NO.  GLOBAL      1      2      3      4      5      6
        1  0.80050   1.000 -0.792  0.511 -0.010 -0.626 -0.336
        2  0.87082  -0.792  1.000 -0.631  0.011  0.716  0.334
        3  0.68174   0.511 -0.631  1.000  0.000 -0.420 -0.448
        4  0.09886  -0.010  0.011  0.000  1.000 -0.059  0.001
        5  0.72700  -0.626  0.716 -0.420 -0.059  1.000  0.255
        6  0.46662  -0.336  0.334 -0.448  0.001  0.255  1.000
 ERR MATRIX APPROXIMATE
Real time 0:00:00, CP time 0.060
Real time 0:00:00, CP time 0.060
 **********
 **    7 **SET ERR         0.5
 **********
 **********
 **    8 **SET PRINT           1
 **********
 **********
 **    9 **HESSE        3000
 **********
 MINUIT WARNING IN HESSE   
 ============== Negative diagonal element 5 in Error Matrix
 MINUIT WARNING IN HESSE   
 ============== 6.70574 added to diagonal of error matrix
 COVARIANCE MATRIX CALCULATED SUCCESSFULLY
 FCN=-13324.7 FROM HESSE     STATUS=OK             44 CALLS         294 TOTAL
                     EDM=12.8713    STRATEGY= 1      ERROR MATRIX ACCURATE 
  EXT PARAMETER                                INTERNAL      INTERNAL  
  NO.   NAME      VALUE            ERROR       STEP SIZE       VALUE   
   1  N_Bkg        1.70503e+03   8.81892e+01   2.11597e-03  -4.43752e+03
   2  N_Jpsi       2.71437e+02   8.00232e+01   5.49852e-03  -1.15312e+04
   3  m_{J/#Psi}   3.66776e+00   2.52306e-02   2.00021e-02  -1.83463e-01
   4  n_1_A        2.49643e+00   2.41577e-01   4.48577e-03  -5.24423e-01
   5  sigma_1_A    1.42333e-01   7.76079e-02   3.69569e-02   8.31010e+00
   6  sl1          4.57112e-02   5.33231e-02   3.53292e-03   4.57271e-02
                               ERR DEF= 0.5
 EXTERNAL ERROR MATRIX.    NDIM=  25    NPAR=  6    ERR DEF=0.5
  7.777e+03 -6.089e+03 -6.474e-01 -2.420e-02  5.946e-01  1.587e+00 
 -6.089e+03  6.404e+03  6.599e-01  2.109e-02 -7.345e-01 -1.611e+00 
 -6.474e-01  6.599e-01  6.511e-04  8.267e-06 -1.658e-04 -7.186e-04 
 -2.420e-02  2.109e-02  8.267e-06  5.842e-02  7.428e-06 -2.752e-05 
  5.946e-01 -7.345e-01 -1.658e-04  7.428e-06  1.205e-03  4.081e-04 
  1.587e+00 -1.611e+00 -7.186e-04 -2.752e-05  4.081e-04  2.846e-03 
 PARAMETER  CORRELATION COEFFICIENTS  
       NO.  GLOBAL      1      2      3      4      5      6
        1  0.86371   1.000 -0.863 -0.288 -0.001  0.194  0.337
        2  0.87241  -0.863  1.000  0.323  0.001 -0.264 -0.377
        3  0.54672  -0.288  0.323  1.000  0.001 -0.187 -0.528
        4  0.00264  -0.001  0.001  0.001  1.000  0.001 -0.002
        5  0.30770   0.194 -0.264 -0.187  0.001  1.000  0.220
        6  0.57700   0.337 -0.377 -0.528 -0.002  0.220  1.000
Real time 0:00:00, CP time 0.010
Real time 0:00:00, CP time 0.070, 2 slices

********* Finished Mass Dist. Fit **************


  RooFitResult: minimized FCN value: -13324.7, estimated distance to minimum: 12.8713
                covariance matrix quality: Full, accurate covariance matrix
                Status : MINIMIZE=-1 HESSE=4 

    Floating Parameter    FinalValue +/-  Error   
  --------------------  --------------------------
                 N_Bkg    1.7050e+03 +/-  8.82e+01
                N_Jpsi    2.7144e+02 +/-  8.00e+01
            m_{J/#Psi}    3.6678e+00 +/-  2.52e-02
                 n_1_A    2.4964e+00 +/-  2.42e-01
             sigma_1_A    1.4233e-01 +/-  7.76e-02
                   sl1    4.5711e-02 +/-  5.33e-02

 *** NLL : -13324.6663205684
Info in <TCanvas::Print>: pdf file figs/PRMC/Mass_Fixed_pt12.0-40.0_y1.6-2.4_muPt0.0_centrality0-180_PRw_Effw0_Accw0_PtW0_TnP0.pdf has been created

###### Fit Convergence Check ######
Caveat: mean was fixed so it's not a matter
Hesse: 4	 edm: 12.8712670362354	 mll: -13324.6663205684
[31m[Stuck] sigma_1_A [0m // Final Value : 0.142332545975923 (0 ~ 0.15)


Processing MassFit_FixPar_Data.C(6.5,9,0,1.6,0,180,1)...

[1mRooFit v3.60 -- Developed by Wouter Verkerke and David Kirkby[0m 
                Copyright (C) 2000-2013 NIKHEF, University of California & Stanford University
                All rights reserved, please read http://roofit.sourceforge.net/license.txt

l_cut: 0.0255
RooDataSet::dataset[mass,pt,y,pt1,pt2,eta1,eta2,weight,cBin,recoQQsign,NumDimu,ctau3D,ctau3DErr,ctau3DRes,ctau3D2S,ctau3DErr2S,ctau3DRes2S] = 638945 entries
pt: 6.5-9, y: 0-1.6, Cent: 0-180%
####################################
******** New Combined Dataset ***********
RooRealVar::mass = 3.41342  L(3.3 - 4.1) // [GeV/c^{2}]

********* Starting Mass Dist. Fit **************

 **********
 **    1 **SET PRINT           1
 **********
 **********
 **    2 **SET NOGRAD
 **********
 PARAMETER DEFINITIONS:
    NO.   NAME         VALUE      STEP SIZE      LIMITS
     1 N_Bkg        2.50000e+05  5.00000e+04    0.00000e+00  5.00000e+05
     2 N_Jpsi       2.50000e+03  5.00000e+02    0.00000e+00  5.00000e+03
     3 m_{J/#Psi}   3.68600e+00  2.00000e-02    3.58600e+00  3.78600e+00
     4 n_1_A        1.87893e+00  9.39463e-01    0.00000e+00  1.00000e+01
     5 sigma_1_A    5.11130e-02  1.50000e-02    0.00000e+00  1.50000e-01
     6 sl1          0.00000e+00  2.00000e-01   -1.00000e+00  1.00000e+00
 **********
 **    3 **SET ERR         0.5
