
[1mRooFit v3.60 -- Developed by Wouter Verkerke and David Kirkby[0m 
                Copyright (C) 2000-2013 NIKHEF, University of California & Stanford University
                All rights reserved, please read http://roofit.sourceforge.net/license.txt


Processing MassFit_FixPar_Data.C(3.5,6.5,1.6,2.4,0,180,1)...

[1mRooFit v3.60 -- Developed by Wouter Verkerke and David Kirkby[0m 
                Copyright (C) 2000-2013 NIKHEF, University of California & Stanford University
                All rights reserved, please read http://roofit.sourceforge.net/license.txt

l_cut: 0.0395
RooDataSet::dataset[mass,pt,y,pt1,pt2,eta1,eta2,weight,cBin,recoQQsign,NumDimu,ctau3D,ctau3DErr,ctau3DRes,ctau3D2S,ctau3DErr2S,ctau3DRes2S] = 638945 entries
pt: 3.5-6.5, y: 1.6-2.4, Cent: 0-180%
####################################
******** New Combined Dataset ***********
RooRealVar::mass = 3.41342  L(3.3 - 4.1) // [GeV/c^{2}]

********* Starting Mass Dist. Fit **************

 **********
 **    1 **SET PRINT           1
 **********
 **********
 **    2 **SET NOGRAD
 **********
 PARAMETER DEFINITIONS:
    NO.   NAME         VALUE      STEP SIZE      LIMITS
     1 N_Bkg        1.00000e+07  2.00000e+06    0.00000e+00  2.00000e+07
 MINUIT WARNING IN PARAM DEF
 ============== LIMITS ON PARAM1 TOO FAR APART.
 PARAMETER DEFINITIONS:
    NO.   NAME         VALUE      STEP SIZE      LIMITS
     2 N_Jpsi       5.00000e+06  1.00000e+06    0.00000e+00  1.00000e+07
     3 f            8.16762e-01  9.16190e-02    0.00000e+00  1.00000e+00
     4 m_{J/#Psi}   3.68600e+00  2.00000e-02    3.58600e+00  3.78600e+00
     5 sigma_1_A    4.81468e-02  1.50000e-02    0.00000e+00  1.50000e-01
     6 sl1          0.00000e+00  2.00000e-01   -1.00000e+00  1.00000e+00
     7 sl2          0.00000e+00  2.00000e-01   -1.00000e+00  1.00000e+00
 **********
 **    3 **SET ERR         0.5
 **********
 **********
 **    4 **SET PRINT           1
 **********
 **********
 **    5 **SET STR           1
 **********
 NOW USING STRATEGY  1: TRY TO BALANCE SPEED AGAINST RELIABILITY
 **********
 **    6 **MIGRAD        3500           1
 **********
 FIRST CALL TO USER FUNCTION AT NEW START POINT, WITH IFLAG=4.
 START MIGRAD MINIMIZATION.  STRATEGY  1.  CONVERGENCE WHEN EDM .LT. 1.00e-03
 FCN=1.23858e+07 FROM MIGRAD    STATUS=INITIATE       46 CALLS          47 TOTAL
                     EDM= unknown      STRATEGY= 1      NO ERROR MATRIX       
  EXT PARAMETER               CURRENT GUESS       STEP         FIRST   
  NO.   NAME      VALUE            ERROR          SIZE      DERIVATIVE 
   1  N_Bkg        1.00000e+07   2.00000e+06   0.00000e+00   9.88088e+06
   2  N_Jpsi       5.00000e+06   1.00000e+06   0.00000e+00   4.96199e+06
   3  f            2.81077e-03   9.16190e-02  -2.36298e+00  -2.75685e+02
   4  m_{J/#Psi}   3.68600e+00   2.00000e-02   0.00000e+00   1.16671e+03
   5  sigma_1_A    4.81468e-02   1.50000e-02   0.00000e+00  -1.97408e+04
   6  sl1          0.00000e+00   2.00000e-01   0.00000e+00   1.72273e+03
   7  sl2          0.00000e+00   2.00000e-01   0.00000e+00  -1.74707e+04
                               ERR DEF= 0.5
 MIGRAD MINIMIZATION HAS CONVERGED.
 MIGRAD WILL VERIFY CONVERGENCE AND ERROR MATRIX.
 COVARIANCE MATRIX CALCULATED SUCCESSFULLY
 FCN=-1.75347e+06 FROM HESSE     STATUS=OK             60 CALLS         704 TOTAL
                     EDM=0.412929    STRATEGY= 1      ERROR MATRIX ACCURATE 
  EXT PARAMETER                                   STEP         FIRST   
  NO.   NAME      VALUE            ERROR          SIZE      DERIVATIVE 
   1  N_Bkg        1.53721e+05   9.31386e+02   2.07203e-04  -4.03831e+02
   2  N_Jpsi       2.98526e+03   8.65070e+02   1.65522e-03   2.38236e+01
   3  f            8.16094e-01   5.96795e-02   1.39597e-01   2.74616e-01
   4  m_{J/#Psi}   3.64196e+00   2.39125e-02   1.92431e-01  -2.25083e-01
   5  sigma_1_A    1.23757e-01   2.57916e-02   3.54332e-01   1.88809e+00
   6  sl1         -8.37646e-02   5.88058e-03   4.06057e-03   7.04706e-01
   7  sl2         -1.04006e-03   7.38524e-03   3.94114e-03   1.22457e+00
                               ERR DEF= 0.5
 MIGRAD FAILS TO FIND IMPROVEMENT
 MACHINE ACCURACY LIMITS FURTHER IMPROVEMENT.
 MIGRAD MINIMIZATION HAS CONVERGED.
 MIGRAD WILL VERIFY CONVERGENCE AND ERROR MATRIX.
 COVARIANCE MATRIX CALCULATED SUCCESSFULLY
 MIGRAD TERMINATED WITHOUT CONVERGENCE.
 FCN=-1.75347e+06 FROM MIGRAD    STATUS=FAILED        900 CALLS         901 TOTAL
                     EDM=0.0123285    STRATEGY= 1      ERR MATRIX APPROXIMATE
  EXT PARAMETER                APPROXIMATE        STEP         FIRST   
  NO.   NAME      VALUE            ERROR          SIZE      DERIVATIVE 
   1  N_Bkg        1.55315e+05   5.65226e+02   2.06182e-04  -1.67552e+02
   2  N_Jpsi       1.41236e+03   4.21669e+02   1.85556e-03   1.94232e+01
   3  f            8.21798e-01   6.02907e-02   1.43534e-01  -3.63094e-01
   4  m_{J/#Psi}   3.64616e+00   1.93522e-02   1.81569e-01  -2.35113e-01
   5  sigma_1_A    6.97643e-02   1.53018e-02   1.68362e-01   3.32865e-01
   6  sl1         -8.73933e-02   4.72415e-03   4.03100e-03  -3.77603e+00
   7  sl2         -8.73384e-03   5.54692e-03   3.92101e-03   1.88480e-02
                               ERR DEF= 0.5
 EXTERNAL ERROR MATRIX.    NDIM=  25    NPAR=  7    ERR DEF=0.5
  3.195e+05  1.701e+05 -1.352e+00  8.228e-01 -2.313e+00 -4.760e-01 -1.363e+00 
  1.701e+05  1.778e+05 -1.399e+00  8.520e-01 -2.391e+00 -4.933e-01 -1.413e+00 
 -1.352e+00 -1.399e+00  3.665e-03  3.262e-06 -6.595e-05  2.598e-06  6.716e-06 
  8.228e-01  8.520e-01  3.262e-06  3.802e-04 -3.077e-05 -2.734e-05  7.448e-06 
 -2.313e+00 -2.391e+00 -6.595e-05 -3.077e-05  2.375e-04  6.910e-06  7.247e-06 
 -4.760e-01 -4.933e-01  2.598e-06 -2.734e-05  6.910e-06  2.232e-05  2.772e-06 
 -1.363e+00 -1.413e+00  6.716e-06  7.448e-06  7.247e-06  2.772e-06  3.077e-05 
ERR MATRIX APPROXIMATE
 PARAMETER  CORRELATION COEFFICIENTS  
       NO.  GLOBAL      1      2      3      4      5      6      7
        1  0.71381   1.000  0.714 -0.040  0.075 -0.265 -0.178 -0.435
        2  0.81767   0.714  1.000 -0.055  0.104 -0.368 -0.248 -0.604
        3  0.11772  -0.040 -0.055  1.000  0.003 -0.071  0.009  0.020
        4  0.33620   0.075  0.104  0.003  1.000 -0.102 -0.297  0.069
        5  0.41885  -0.265 -0.368 -0.071 -0.102  1.000  0.095  0.085
        6  0.36879  -0.178 -0.248  0.009 -0.297  0.095  1.000  0.106
        7  0.63441  -0.435 -0.604  0.020  0.069  0.085  0.106  1.000
 ERR MATRIX APPROXIMATE
Real time 0:00:01, CP time 0.190
Real time 0:00:01, CP time 0.190
 **********
 **    7 **SET ERR         0.5
 **********
 **********
 **    8 **SET PRINT           1
 **********
 **********
 **    9 **HESSE        3500
 **********
 COVARIANCE MATRIX CALCULATED SUCCESSFULLY
 FCN=-1.75347e+06 FROM HESSE     STATUS=OK             50 CALLS         951 TOTAL
                     EDM=0.0150552    STRATEGY= 1      ERROR MATRIX ACCURATE 
  EXT PARAMETER                                INTERNAL      INTERNAL  
  NO.   NAME      VALUE            ERROR       STEP SIZE       VALUE   
   1  N_Bkg        1.55315e+05   7.55963e+02   4.12364e-05  -1.39432e+00
   2  N_Jpsi       1.41236e+03   6.47245e+02   7.42222e-05  -3.30105e+01
   3  f            8.21798e-01   6.03364e-02   5.74138e-03  -3.84078e+00
   4  m_{J/#Psi}   3.64616e+00   1.97887e-02   7.26277e-03  -4.09763e-01
   5  sigma_1_A    6.97643e-02   2.24566e-02   6.73447e-03  -6.98665e-02
   6  sl1         -8.73933e-02   4.92501e-03   8.06201e-04  -8.75049e-02
   7  sl2         -8.73384e-03   6.59852e-03   1.56840e-04  -8.73395e-03
                               ERR DEF= 0.5
 EXTERNAL ERROR MATRIX.    NDIM=  25    NPAR=  7    ERR DEF=0.5
  5.715e+05  4.168e+05 -1.184e+00  2.168e+00 -1.125e+01 -1.191e+00 -3.145e+00 
  4.168e+05  4.189e+05 -1.186e+00  2.172e+00 -1.127e+01 -1.193e+00 -3.150e+00 
 -1.184e+00 -1.186e+00  3.671e-03  1.082e-05 -8.153e-05  1.655e-06  6.644e-06 
  2.168e+00  2.172e+00  1.082e-05  3.978e-04 -1.297e-04 -3.081e-05  2.404e-06 
 -1.125e+01 -1.127e+01 -8.153e-05 -1.297e-04  5.202e-04  3.601e-05  7.080e-05 
 -1.191e+00 -1.193e+00  1.655e-06 -3.081e-05  3.601e-05  2.426e-05  7.536e-06 
 -3.145e+00 -3.150e+00  6.644e-06  2.404e-06  7.080e-05  7.536e-06  4.354e-05 
 PARAMETER  CORRELATION COEFFICIENTS  
       NO.  GLOBAL      1      2      3      4      5      6      7
        1  0.85194   1.000  0.852 -0.026  0.144 -0.653 -0.320 -0.630
        2  0.92691   0.852  1.000 -0.030  0.168 -0.764 -0.374 -0.737
        3  0.13615  -0.026 -0.030  1.000  0.009 -0.059  0.006  0.017
        4  0.41841   0.144  0.168  0.009  1.000 -0.285 -0.314  0.018
        5  0.79125  -0.653 -0.764 -0.059 -0.285  1.000  0.321  0.470
        6  0.45282  -0.320 -0.374  0.006 -0.314  0.321  1.000  0.232
        7  0.76010  -0.630 -0.737  0.017  0.018  0.470  0.232  1.000
Real time 0:00:00, CP time 0.020
Real time 0:00:01, CP time 0.210, 2 slices

********* Finished Mass Dist. Fit **************


  RooFitResult: minimized FCN value: -1.75347e+06, estimated distance to minimum: 0.0150552
                covariance matrix quality: Full, accurate covariance matrix
                Status : MINIMIZE=-1 HESSE=4 

    Floating Parameter    FinalValue +/-  Error   
  --------------------  --------------------------
                 N_Bkg    1.5531e+05 +/-  7.56e+02
                N_Jpsi    1.4124e+03 +/-  6.47e+02
                     f    8.2180e-01 +/-  6.03e-02
            m_{J/#Psi}    3.6462e+00 +/-  1.98e-02
             sigma_1_A    6.9764e-02 +/-  2.25e-02
                   sl1   -8.7393e-02 +/-  4.93e-03
                   sl2   -8.7338e-03 +/-  6.60e-03

 *** NLL : -1753474.43684421
Info in <TCanvas::Print>: pdf file figs/PRMC/Mass_Fixed_pt3.5-6.5_y1.6-2.4_muPt0.0_centrality0-180_PRw_Effw0_Accw0_PtW0_TnP0.pdf has been created

###### Fit Convergence Check ######
Caveat: mean was fixed so it's not a matter
Hesse: 4	 edm: 0.0150551626079395	 mll: -1753474.43684421
[Fit Converged]

Processing MassFit_FixPar_Data.C(6.5,9,1.6,2.4,0,180,1)...

[1mRooFit v3.60 -- Developed by Wouter Verkerke and David Kirkby[0m 
                Copyright (C) 2000-2013 NIKHEF, University of California & Stanford University
                All rights reserved, please read http://roofit.sourceforge.net/license.txt

l_cut: 0.0305
RooDataSet::dataset[mass,pt,y,pt1,pt2,eta1,eta2,weight,cBin,recoQQsign,NumDimu,ctau3D,ctau3DErr,ctau3DRes,ctau3D2S,ctau3DErr2S,ctau3DRes2S] = 638945 entries
pt: 6.5-9, y: 1.6-2.4, Cent: 0-180%
####################################
******** New Combined Dataset ***********
RooRealVar::mass = 3.41342  L(3.3 - 4.1) // [GeV/c^{2}]

********* Starting Mass Dist. Fit **************

 **********
 **    1 **SET PRINT           1
 **********
 **********
 **    2 **SET NOGRAD
 **********
 PARAMETER DEFINITIONS:
    NO.   NAME         VALUE      STEP SIZE      LIMITS
     1 N_Bkg        2.50000e+05  5.00000e+04    0.00000e+00  5.00000e+05
     2 N_Jpsi       2.50000e+03  5.00000e+02    0.00000e+00  5.00000e+03
     3 f            6.50898e-01  1.00000e-01    0.00000e+00  1.00000e+00
     4 m_{J/#Psi}   3.68600e+00  2.00000e-02    3.58600e+00  3.78600e+00
     5 sigma_1_A    4.60575e-02  1.50000e-02    0.00000e+00  1.50000e-01
     6 sl1          0.00000e+00  2.00000e-01   -1.00000e+00  1.00000e+00
 **********
 **    3 **SET ERR         0.5
 **********
 **********
 **    4 **SET PRINT           1
 **********
 **********
 **    5 **SET STR           1
 **********
 NOW USING STRATEGY  1: TRY TO BALANCE SPEED AGAINST RELIABILITY
 **********
 **    6 **MIGRAD        3000           1
 **********
 FIRST CALL TO USER FUNCTION AT NEW START POINT, WITH IFLAG=4.
 START MIGRAD MINIMIZATION.  STRATEGY  1.  CONVERGENCE WHEN EDM .LT. 1.00e-03
 FCN=-74629 FROM MIGRAD    STATUS=INITIATE       22 CALLS          23 TOTAL
                     EDM= unknown      STRATEGY= 1      NO ERROR MATRIX       
  EXT PARAMETER               CURRENT GUESS       STEP         FIRST   
  NO.   NAME      VALUE            ERROR          SIZE      DERIVATIVE 
   1  N_Bkg        2.50000e+05   5.00000e+04   2.01358e-01   2.24427e+05
   2  N_Jpsi       2.50000e+03   5.00000e+02   2.01358e-01   2.23687e+03
   3  f            6.50898e-01   1.00000e-01   2.11851e-01  -5.04863e-01
   4  m_{J/#Psi}   3.68600e+00   2.00000e-02   2.01358e-01   9.98524e+00
   5  sigma_1_A    4.60575e-02   1.50000e-02   2.19501e-01   3.65153e+00
   6  sl1          0.00000e+00   2.00000e-01   2.01358e-01   1.22946e+03
                               ERR DEF= 0.5
 MINUIT WARNING IN MIGRAD  
 ============== Negative diagonal element 1 in Error Matrix
 MINUIT WARNING IN MIGRAD  
 ============== 1.00021 added to diagonal of error matrix
 MIGRAD MINIMIZATION HAS CONVERGED.
 MIGRAD WILL VERIFY CONVERGENCE AND ERROR MATRIX.
 COVARIANCE MATRIX CALCULATED SUCCESSFULLY
 FCN=-242491 FROM MIGRAD    STATUS=CONVERGED     656 CALLS         657 TOTAL
                     EDM=0.000362853    STRATEGY= 1      ERROR MATRIX ACCURATE 
  EXT PARAMETER                                   STEP         FIRST   
  NO.   NAME      VALUE            ERROR          SIZE      DERIVATIVE 
   1  N_Bkg        2.54345e+04   2.01659e+02   4.97294e-04   3.74121e+00
   2  N_Jpsi       3.98611e+02   1.23491e+02   2.09063e-02  -1.88100e-01
   3  f            6.55109e-01   1.45588e-01   1.04071e-01   5.81564e-03
   4  m_{J/#Psi}   3.68231e+00   1.53206e-02   5.06368e-02  -1.13136e-02
   5  sigma_1_A    4.59514e-02   1.44040e-02   5.48257e-02   1.06377e-01
   6  sl1         -1.44324e-01   1.09964e-02   3.71700e-03  -3.40323e-01
                               ERR DEF= 0.5
 EXTERNAL ERROR MATRIX.    NDIM=  25    NPAR=  6    ERR DEF=0.5
  4.067e+04  1.507e+04 -1.334e+00  2.208e-01  1.111e+00  1.318e-01 
  1.507e+04  1.529e+04 -1.321e+00  2.189e-01  1.100e+00  1.304e-01 
 -1.334e+00 -1.321e+00  2.189e-02 -7.608e-05  1.753e-04 -1.784e-05 
  2.208e-01  2.189e-01 -7.608e-05  2.366e-04  4.434e-05  2.750e-05 
  1.111e+00  1.100e+00  1.753e-04  4.434e-05  2.105e-04  1.271e-05 
  1.318e-01  1.304e-01 -1.784e-05  2.750e-05  1.271e-05  1.209e-04 
 PARAMETER  CORRELATION COEFFICIENTS  
       NO.  GLOBAL      1      2      3      4      5      6
        1  0.60431   1.000  0.604 -0.045  0.071  0.380  0.059
        2  0.73936   0.604  1.000 -0.072  0.115  0.613  0.096
        3  0.18262  -0.045 -0.072  1.000 -0.033  0.082 -0.011
        4  0.25297   0.071  0.115 -0.033  1.000  0.199  0.163
        5  0.63998   0.380  0.613  0.082  0.199  1.000  0.080
        6  0.18022   0.059  0.096 -0.011  0.163  0.080  1.000
Real time 0:00:00, CP time 0.160
Real time 0:00:00, CP time 0.160
 **********
 **    7 **SET ERR         0.5
 **********
 **********
 **    8 **SET PRINT           1
 **********
 **********
 **    9 **HESSE        3000
 **********
 COVARIANCE MATRIX CALCULATED SUCCESSFULLY
 FCN=-242491 FROM HESSE     STATUS=OK             40 CALLS         697 TOTAL
                     EDM=0.000377008    STRATEGY= 1      ERROR MATRIX ACCURATE 
  EXT PARAMETER                                INTERNAL      INTERNAL  
  NO.   NAME      VALUE            ERROR       STEP SIZE       VALUE   
   1  N_Bkg        2.54345e+04   2.03181e+02   9.94587e-05   4.82397e+01
   2  N_Jpsi       3.98611e+02   1.27184e+02   8.36253e-04   7.78117e+02
   3  f            6.55109e-01   1.45890e-01   4.16283e-03  -1.85341e+01
   4  m_{J/#Psi}   3.68231e+00   1.53246e-02   2.02547e-03  -2.19543e+01
   5  sigma_1_A    4.59514e-02   1.50880e-02   2.19303e-03   4.98678e+01
   6  sl1         -1.44324e-01   1.10058e-02   7.43401e-04  -8.18262e+01
                               ERR DEF= 0.5
 EXTERNAL ERROR MATRIX.    NDIM=  25    NPAR=  6    ERR DEF=0.5
  4.128e+04  1.584e+04 -3.681e-01  3.135e-01  1.255e+00  1.472e-01 
  1.584e+04  1.622e+04 -3.679e-01  3.133e-01  1.254e+00  1.471e-01 
 -3.681e-01 -3.679e-01  2.199e-02 -2.199e-05  3.109e-04 -4.809e-06 
  3.135e-01  3.133e-01 -2.199e-05  2.367e-04  5.061e-05  2.826e-05 
  1.255e+00  1.254e+00  3.109e-04  5.061e-05  2.314e-04  1.459e-05 
  1.472e-01  1.471e-01 -4.809e-06  2.826e-05  1.459e-05  1.211e-04 
 PARAMETER  CORRELATION COEFFICIENTS  
       NO.  GLOBAL      1      2      3      4      5      6
        1  0.61210   1.000  0.612 -0.012  0.100  0.406  0.066
        2  0.75676   0.612  1.000 -0.019  0.160  0.647  0.105
        3  0.20167  -0.012 -0.019  1.000 -0.010  0.138 -0.003
        4  0.26534   0.100  0.160 -0.010  1.000  0.216  0.167
        5  0.67445   0.406  0.647  0.138  0.216  1.000  0.087
        6  0.18478   0.066  0.105 -0.003  0.167  0.087  1.000
Real time 0:00:00, CP time 0.010
Real time 0:00:00, CP time 0.170, 2 slices

********* Finished Mass Dist. Fit **************


  RooFitResult: minimized FCN value: -242491, estimated distance to minimum: 0.000377008
                covariance matrix quality: Full, accurate covariance matrix
                Status : MINIMIZE=0 HESSE=0 

    Floating Parameter    FinalValue +/-  Error   
  --------------------  --------------------------
                 N_Bkg    2.5434e+04 +/-  2.03e+02
                N_Jpsi    3.9861e+02 +/-  1.27e+02
                     f    6.5511e-01 +/-  1.46e-01
            m_{J/#Psi}    3.6823e+00 +/-  1.53e-02
             sigma_1_A    4.5951e-02 +/-  1.51e-02
                   sl1   -1.4432e-01 +/-  1.10e-02

 *** NLL : -242491.488624923
Info in <TCanvas::Print>: pdf file figs/PRMC/Mass_Fixed_pt6.5-9.0_y1.6-2.4_muPt0.0_centrality0-180_PRw_Effw0_Accw0_PtW0_TnP0.pdf has been created

###### Fit Convergence Check ######
Caveat: mean was fixed so it's not a matter
Hesse: 0	 edm: 0.000377008442196911	 mll: -242491.488624923
[Fit Converged]

Processing MassFit_FixPar_Data.C(9,12,1.6,2.4,0,180,1)...

[1mRooFit v3.60 -- Developed by Wouter Verkerke and David Kirkby[0m 
                Copyright (C) 2000-2013 NIKHEF, University of California & Stanford University
                All rights reserved, please read http://roofit.sourceforge.net/license.txt

l_cut: 0.0265
RooDataSet::dataset[mass,pt,y,pt1,pt2,eta1,eta2,weight,cBin,recoQQsign,NumDimu,ctau3D,ctau3DErr,ctau3DRes,ctau3D2S,ctau3DErr2S,ctau3DRes2S] = 638945 entries
pt: 9-12, y: 1.6-2.4, Cent: 0-180%
####################################
******** New Combined Dataset ***********
RooRealVar::mass = 3.41342  L(3.3 - 4.1) // [GeV/c^{2}]

********* Starting Mass Dist. Fit **************

 **********
 **    1 **SET PRINT           1
 **********
 **********
 **    2 **SET NOGRAD
 **********
 PARAMETER DEFINITIONS:
    NO.   NAME         VALUE      STEP SIZE      LIMITS
     1 N_Bkg        7.50000e+03  1.50000e+03    0.00000e+00  1.50000e+04
     2 N_Jpsi       5.50000e+02  1.10000e+02    0.00000e+00  1.10000e+03
     3 f            8.12202e-01  9.38992e-02    0.00000e+00  1.00000e+00
     4 m_{J/#Psi}   3.68600e+00  2.00000e-02    3.58600e+00  3.78600e+00
     5 sigma_1_A    4.81646e-02  1.50000e-02    0.00000e+00  1.50000e-01
     6 sl1          0.00000e+00  2.00000e-01   -1.00000e+00  1.00000e+00
 **********
 **    3 **SET ERR         0.5
 **********
 **********
 **    4 **SET PRINT           1
 **********
 **********
 **    5 **SET STR           1
 **********
 NOW USING STRATEGY  1: TRY TO BALANCE SPEED AGAINST RELIABILITY
 **********
 **    6 **MIGRAD        3000           1
 **********
 FIRST CALL TO USER FUNCTION AT NEW START POINT, WITH IFLAG=4.
 START MIGRAD MINIMIZATION.  STRATEGY  1.  CONVERGENCE WHEN EDM .LT. 1.00e-03
 FCN=-44755.6 FROM MIGRAD    STATUS=INITIATE       22 CALLS          23 TOTAL
                     EDM= unknown      STRATEGY= 1      NO ERROR MATRIX       
  EXT PARAMETER               CURRENT GUESS       STEP         FIRST   
  NO.   NAME      VALUE            ERROR          SIZE      DERIVATIVE 
   1  N_Bkg        7.50000e+03   1.50000e+03   2.01358e-01   2.14108e+03
   2  N_Jpsi       5.50000e+02   1.10000e+02   2.01358e-01   1.80899e+02
   3  f            8.12202e-01   9.38992e-02   2.48047e-01   3.72323e+00
   4  m_{J/#Psi}   3.68600e+00   2.00000e-02   2.01358e-01   8.57938e+00
   5  sigma_1_A    4.81646e-02   1.50000e-02   2.16636e-01  -2.52526e+01
   6  sl1          0.00000e+00   2.00000e-01   2.01358e-01   1.21186e+02
                               ERR DEF= 0.5
 MIGRAD MINIMIZATION HAS CONVERGED.
 MIGRAD WILL VERIFY CONVERGENCE AND ERROR MATRIX.
 COVARIANCE MATRIX CALCULATED SUCCESSFULLY
 FCN=-45137.4 FROM MIGRAD    STATUS=CONVERGED     218 CALLS         219 TOTAL
                     EDM=4.26182e-05    STRATEGY= 1      ERROR MATRIX ACCURATE 
  EXT PARAMETER                                   STEP         FIRST   
  NO.   NAME      VALUE            ERROR          SIZE      DERIVATIVE 
   1  N_Bkg        5.46718e+03   1.00030e+02   1.53433e-03  -4.69054e-04
   2  N_Jpsi       2.60841e+02   6.91559e+01   1.35381e-02   4.13869e-02
   3  f            8.12298e-01   4.17603e-02   1.56557e-02   2.83407e-02
   4  m_{J/#Psi}   3.68249e+00   1.34451e-02   1.93729e-02  -1.23493e-03
   5  sigma_1_A    5.38721e-02   1.51501e-02   2.24472e-02  -3.45936e-02
   6  sl1         -6.89889e-02   2.39919e-02   3.44754e-03   1.05030e-01
                               ERR DEF= 0.5
 EXTERNAL ERROR MATRIX.    NDIM=  25    NPAR=  6    ERR DEF=0.5
  1.001e+04 -4.548e+03  4.793e-02  6.286e-02 -7.230e-01 -1.808e-01 
 -4.548e+03  4.818e+03 -4.808e-02 -6.302e-02  7.254e-01  1.812e-01 
  4.793e-02 -4.808e-02  1.751e-03  1.762e-06  3.791e-05 -1.843e-06 
  6.286e-02 -6.302e-02  1.762e-06  1.819e-04 -1.318e-05 -6.140e-05 
 -7.230e-01  7.254e-01  3.791e-05 -1.318e-05  2.330e-04  3.059e-05 
 -1.808e-01  1.812e-01 -1.843e-06 -6.140e-05  3.059e-05  5.757e-04 
 PARAMETER  CORRELATION COEFFICIENTS  
       NO.  GLOBAL      1      2      3      4      5      6
        1  0.65595   1.000 -0.655  0.011  0.047 -0.474 -0.075
        2  0.78285  -0.655  1.000 -0.017 -0.067  0.685  0.109
        3  0.09863   0.011 -0.017  1.000  0.003  0.059 -0.002
        4  0.19678   0.047 -0.067  0.003  1.000 -0.064 -0.190
        5  0.68934  -0.474  0.685  0.059 -0.064  1.000  0.084
        6  0.21296  -0.075  0.109 -0.002 -0.190  0.084  1.000
Real time 0:00:00, CP time 0.060
Real time 0:00:00, CP time 0.060
 **********
 **    7 **SET ERR         0.5
 **********
 **********
 **    8 **SET PRINT           1
 **********
 **********
 **    9 **HESSE        3000
 **********
 COVARIANCE MATRIX CALCULATED SUCCESSFULLY
 FCN=-45137.4 FROM HESSE     STATUS=OK             42 CALLS         261 TOTAL
                     EDM=4.24067e-05    STRATEGY= 1      ERROR MATRIX ACCURATE 
  EXT PARAMETER                                INTERNAL      INTERNAL  
  NO.   NAME      VALUE            ERROR       STEP SIZE       VALUE   
   1  N_Bkg        5.46718e+03   1.01244e+02   6.13732e-05  -2.74476e-01
   2  N_Jpsi       2.60841e+02   7.07617e+01   5.41525e-04  -5.53590e-01
   3  f            8.12298e-01   4.17726e-02   6.26227e-04   6.74615e-01
   4  m_{J/#Psi}   3.68249e+00   1.35117e-02   7.74917e-04  -3.50580e-02
   5  sigma_1_A    5.38721e-02   1.55882e-02   8.97887e-04  -2.85570e-01
   6  sl1         -6.89889e-02   2.40096e-02   6.89508e-04  -6.90438e-02
                               ERR DEF= 0.5
 EXTERNAL ERROR MATRIX.    NDIM=  25    NPAR=  6    ERR DEF=0.5
  1.025e+04 -4.784e+03  2.516e-02  7.868e-02 -7.835e-01 -1.945e-01 
 -4.784e+03  5.046e+03 -2.517e-02 -7.870e-02  7.837e-01  1.946e-01 
  2.516e-02 -2.517e-02  1.752e-03  8.085e-07  4.343e-05 -6.665e-07 
  7.868e-02 -7.870e-02  8.085e-07  1.837e-04 -2.053e-05 -6.254e-05 
 -7.835e-01  7.837e-01  4.343e-05 -2.053e-05  2.469e-04  3.517e-05 
 -1.945e-01  1.946e-01 -6.665e-07 -6.254e-05  3.517e-05  5.766e-04 
 PARAMETER  CORRELATION COEFFICIENTS  
       NO.  GLOBAL      1      2      3      4      5      6
        1  0.66622   1.000 -0.665  0.006  0.057 -0.493 -0.080
        2  0.79397  -0.665  1.000 -0.008 -0.082  0.702  0.114
        3  0.10178   0.006 -0.008  1.000  0.001  0.066 -0.001
        4  0.20792   0.057 -0.082  0.001  1.000 -0.096 -0.192
        5  0.70775  -0.493  0.702  0.066 -0.096  1.000  0.093
        6  0.21623  -0.080  0.114 -0.001 -0.192  0.093  1.000
Real time 0:00:00, CP time 0.010
Real time 0:00:00, CP time 0.070, 2 slices

********* Finished Mass Dist. Fit **************


  RooFitResult: minimized FCN value: -45137.4, estimated distance to minimum: 4.24067e-05
                covariance matrix quality: Full, accurate covariance matrix
                Status : MINIMIZE=0 HESSE=0 

    Floating Parameter    FinalValue +/-  Error   
  --------------------  --------------------------
                 N_Bkg    5.4672e+03 +/-  1.01e+02
                N_Jpsi    2.6084e+02 +/-  7.08e+01
                     f    8.1230e-01 +/-  4.18e-02
            m_{J/#Psi}    3.6825e+00 +/-  1.35e-02
             sigma_1_A    5.3872e-02 +/-  1.56e-02
                   sl1   -6.8989e-02 +/-  2.40e-02

 *** NLL : -45137.3569480374
Info in <TCanvas::Print>: pdf file figs/PRMC/Mass_Fixed_pt9.0-12.0_y1.6-2.4_muPt0.0_centrality0-180_PRw_Effw0_Accw0_PtW0_TnP0.pdf has been created

###### Fit Convergence Check ######
Caveat: mean was fixed so it's not a matter
Hesse: 0	 edm: 4.24067152756332e-05	 mll: -45137.3569480374
[Fit Converged]

Processing MassFit_FixPar_Data.C(12,40,1.6,2.4,0,180,1)...

[1mRooFit v3.60 -- Developed by Wouter Verkerke and David Kirkby[0m 
                Copyright (C) 2000-2013 NIKHEF, University of California & Stanford University
                All rights reserved, please read http://roofit.sourceforge.net/license.txt

l_cut: 0.0195
RooDataSet::dataset[mass,pt,y,pt1,pt2,eta1,eta2,weight,cBin,recoQQsign,NumDimu,ctau3D,ctau3DErr,ctau3DRes,ctau3D2S,ctau3DErr2S,ctau3DRes2S] = 638945 entries
pt: 12-40, y: 1.6-2.4, Cent: 0-180%
####################################
******** New Combined Dataset ***********
RooRealVar::mass = 3.41342  L(3.3 - 4.1) // [GeV/c^{2}]

********* Starting Mass Dist. Fit **************

 **********
 **    1 **SET PRINT           1
 **********
 **********
 **    2 **SET NOGRAD
 **********
 PARAMETER DEFINITIONS:
    NO.   NAME         VALUE      STEP SIZE      LIMITS
     1 N_Bkg        1.00000e+07  2.00000e+06    0.00000e+00  2.00000e+07
 MINUIT WARNING IN PARAM DEF
 ============== LIMITS ON PARAM1 TOO FAR APART.
 PARAMETER DEFINITIONS:
    NO.   NAME         VALUE      STEP SIZE      LIMITS
     2 N_Jpsi       5.00000e+06  1.00000e+06    0.00000e+00  1.00000e+07
     3 f            6.70206e-01  1.00000e-01    0.00000e+00  1.00000e+00
     4 m_{J/#Psi}   3.68600e+00  2.00000e-02    3.58600e+00  3.78600e+00
     5 sigma_1_A    4.67968e-02  1.50000e-02    0.00000e+00  1.50000e-01
     6 sl1          0.00000e+00  2.00000e-01   -1.00000e+00  1.00000e+00
 **********
 **    3 **SET ERR         0.5
 **********
 **********
 **    4 **SET PRINT           1
 **********
 **********
 **    5 **SET STR           1
 **********
 NOW USING STRATEGY  1: TRY TO BALANCE SPEED AGAINST RELIABILITY
 **********
 **    6 **MIGRAD        3000           1
 **********
 FIRST CALL TO USER FUNCTION AT NEW START POINT, WITH IFLAG=4.
 START MIGRAD MINIMIZATION.  STRATEGY  1.  CONVERGENCE WHEN EDM .LT. 1.00e-03
 FCN=1.49673e+07 FROM MIGRAD    STATUS=INITIATE       18 CALLS          19 TOTAL
                     EDM= unknown      STRATEGY= 1      NO ERROR MATRIX       
  EXT PARAMETER               CURRENT GUESS       STEP         FIRST   
  NO.   NAME      VALUE            ERROR          SIZE      DERIVATIVE 
   1  N_Bkg        1.00000e+07   2.00000e+06   2.01358e-01   9.98938e+06
   2  N_Jpsi       5.00000e+06   1.00000e+06   2.01358e-01   4.96583e+06
   3  f            6.70206e-01   1.00000e-01   2.15025e-01   3.35612e+01
   4  m_{J/#Psi}   3.68600e+00   2.00000e-02   2.01358e-01   1.71284e+01
   5  sigma_1_A    4.67968e-02   1.50000e-02   2.18457e-01  -2.20427e+02
   6  sl1          0.00000e+00   2.00000e-01   2.01358e-01  -1.50434e+01
                               ERR DEF= 0.5
 MIGRAD FAILS TO FIND IMPROVEMENT
 COVARIANCE MATRIX CALCULATED SUCCESSFULLY
 FCN=867140 FROM HESSE     STATUS=OK             40 CALLS         121 TOTAL
                     EDM=916664    STRATEGY= 1      ERROR MATRIX ACCURATE 
  EXT PARAMETER                                   STEP         FIRST   
  NO.   NAME      VALUE            ERROR          SIZE      DERIVATIVE 
   1  N_Bkg        5.72589e+05   1.08567e+03   2.13977e-03   3.32709e+06
   2  N_Jpsi       3.21742e+05   8.16219e+02   5.49534e-03   1.76158e+06
   3  f            6.19316e-01   3.38290e-02   4.49965e-02   1.00649e+01
   4  m_{J/#Psi}   3.68061e+00   9.55252e-03   5.58021e-02   7.44031e+00
   5  sigma_1_A    6.79462e-02   4.59146e-03   3.91700e-02  -1.39485e+02
   6  sl1          1.54564e-02   4.84098e-02   2.68346e-02  -1.86254e+01
                               ERR DEF= 0.5
 MIGRAD FAILS TO FIND IMPROVEMENT
 MIGRAD TERMINATED WITHOUT CONVERGENCE.
 FCN=-13328.2 FROM MIGRAD    STATUS=FAILED        195 CALLS         196 TOTAL
                     EDM=0.79793    STRATEGY= 1  ERROR MATRIX UNCERTAINTY   3.7 per cent
  EXT PARAMETER                APPROXIMATE        STEP         FIRST   
  NO.   NAME      VALUE            ERROR          SIZE      DERIVATIVE 
   1  N_Bkg        1.61122e+03   6.91542e+01  -0.00000e+00   6.73775e+02
   2  N_Jpsi       3.40508e+02   4.82747e+01   0.00000e+00  -1.64753e+03
   3  f            6.77323e-01   3.24004e-02   0.00000e+00   1.64075e+00
   4  m_{J/#Psi}   3.65214e+00   9.11880e-03  -0.00000e+00   9.62755e-01
   5  sigma_1_A    1.37995e-01   3.01896e-03   0.00000e+00   2.15846e+00
   6  sl1          5.15807e-02   5.07417e-02  -0.00000e+00   6.28289e+00
                               ERR DEF= 0.5
 EXTERNAL ERROR MATRIX.    NDIM=  25    NPAR=  6    ERR DEF=0.5
  4.782e+03 -2.658e+03 -3.699e-01  7.747e-02 -8.420e-02  8.767e-01 
 -2.658e+03  2.330e+03  3.637e-01 -5.817e-02  7.305e-02 -8.199e-01 
 -3.699e-01  3.637e-01  1.051e-03 -9.621e-06  2.169e-05 -5.486e-05 
  7.747e-02 -5.817e-02 -9.621e-06  8.341e-05 -1.572e-06 -1.601e-04 
 -8.420e-02  7.305e-02  2.169e-05 -1.572e-06  9.131e-06 -2.757e-05 
  8.767e-01 -8.199e-01 -5.486e-05 -1.601e-04 -2.757e-05  2.577e-03 
ERR MATRIX APPROXIMATE
 PARAMETER  CORRELATION COEFFICIENTS  
       NO.  GLOBAL      1      2      3      4      5      6
        1  0.79693   1.000 -0.796 -0.165  0.123 -0.403  0.250
        2  0.83725  -0.796  1.000  0.232 -0.132  0.501 -0.335
        3  0.26958  -0.165  0.232  1.000 -0.032  0.221 -0.033
        4  0.43442   0.123 -0.132 -0.032  1.000 -0.057 -0.345
        5  0.51271  -0.403  0.501  0.221 -0.057  1.000 -0.180
        6  0.51847   0.250 -0.335 -0.033 -0.345 -0.180  1.000
 ERR MATRIX APPROXIMATE
Real time 0:00:00, CP time 0.050
Real time 0:00:00, CP time 0.050
 **********
 **    7 **SET ERR         0.5
 **********
 **********
 **    8 **SET PRINT           1
 **********
 **********
 **    9 **HESSE        3000
 **********
 MINUIT WARNING IN HESSE   
 ============== Negative diagonal element 5 in Error Matrix
 MINUIT WARNING IN HESSE   
 ============== 2.67769 added to diagonal of error matrix
 COVARIANCE MATRIX CALCULATED SUCCESSFULLY
 FCN=-13328.2 FROM HESSE     STATUS=OK             44 CALLS         240 TOTAL
                     EDM=7.4972    STRATEGY= 1      ERROR MATRIX ACCURATE 
  EXT PARAMETER                                INTERNAL      INTERNAL  
  NO.   NAME      VALUE            ERROR       STEP SIZE       VALUE   
   1  N_Bkg        1.61122e+03   1.25501e+02   2.13994e-03  -4.48778e+03
   2  N_Jpsi       3.40508e+02   1.10726e+02   5.49552e-03  -1.15249e+04
   3  f            6.77323e-01   3.43370e-02   5.65076e-03   3.62535e-01
   4  m_{J/#Psi}   3.65214e+00   2.78192e-02   1.59012e-02  -3.45411e-01
   5  sigma_1_A    1.37995e-01   1.18300e-01   6.15628e-02   9.97153e-01
   6  sl1          5.15807e-02   6.29876e-02   3.67614e-03   5.16036e-02
                               ERR DEF= 0.5
 EXTERNAL ERROR MATRIX.    NDIM=  25    NPAR=  6    ERR DEF=0.5
  1.575e+04 -1.297e+04  1.333e-01 -1.533e+00  4.141e+00  3.870e+00 
 -1.297e+04  1.226e+04 -1.110e-01  1.385e+00 -3.505e+00 -3.580e+00 
  1.333e-01 -1.110e-01  1.181e-03 -3.071e-05  1.907e-04  4.265e-05 
 -1.533e+00  1.385e+00 -3.071e-05  7.976e-04 -5.841e-04 -1.151e-03 
  4.141e+00 -3.505e+00  1.907e-04 -5.841e-04  2.875e-03  8.980e-04 
  3.870e+00 -3.580e+00  4.265e-05 -1.151e-03  8.980e-04  3.973e-03 
 PARAMETER  CORRELATION COEFFICIENTS  
       NO.  GLOBAL      1      2      3      4      5      6
        1  0.93698   1.000 -0.933  0.031 -0.432  0.615  0.489
        2  0.93597  -0.933  1.000 -0.029  0.443 -0.590 -0.513
        3  0.11235   0.031 -0.029  1.000 -0.032  0.103  0.020
        4  0.68370  -0.432  0.443 -0.032  1.000 -0.386 -0.647
        5  0.65097   0.615 -0.590  0.103 -0.386  1.000  0.266
        6  0.70667   0.489 -0.513  0.020 -0.647  0.266  1.000
Real time 0:00:00, CP time 0.000
Real time 0:00:00, CP time 0.050, 2 slices

********* Finished Mass Dist. Fit **************


  RooFitResult: minimized FCN value: -13328.2, estimated distance to minimum: 7.4972
                covariance matrix quality: Full, accurate covariance matrix
                Status : MINIMIZE=-1 HESSE=4 

    Floating Parameter    FinalValue +/-  Error   
  --------------------  --------------------------
                 N_Bkg    1.6112e+03 +/-  1.26e+02
                N_Jpsi    3.4051e+02 +/-  1.11e+02
                     f    6.7732e-01 +/-  3.43e-02
            m_{J/#Psi}    3.6521e+00 +/-  2.78e-02
             sigma_1_A    1.3799e-01 +/-  1.18e-01
                   sl1    5.1581e-02 +/-  6.30e-02

 *** NLL : -13328.1761013095
Info in <TCanvas::Print>: pdf file figs/PRMC/Mass_Fixed_pt12.0-40.0_y1.6-2.4_muPt0.0_centrality0-180_PRw_Effw0_Accw0_PtW0_TnP0.pdf has been created

###### Fit Convergence Check ######
Caveat: mean was fixed so it's not a matter
Hesse: 4	 edm: 7.49719964852305	 mll: -13328.1761013095
[31m[Stuck] sigma_1_A [0m // Final Value : 0.137994681328726 (0 ~ 0.15)


Processing MassFit_FixPar_Data.C(6.5,9,0,1.6,0,180,1)...

[1mRooFit v3.60 -- Developed by Wouter Verkerke and David Kirkby[0m 
                Copyright (C) 2000-2013 NIKHEF, University of California & Stanford University
                All rights reserved, please read http://roofit.sourceforge.net/license.txt

l_cut: 0.0255
RooDataSet::dataset[mass,pt,y,pt1,pt2,eta1,eta2,weight,cBin,recoQQsign,NumDimu,ctau3D,ctau3DErr,ctau3DRes,ctau3D2S,ctau3DErr2S,ctau3DRes2S] = 638945 entries
pt: 6.5-9, y: 0-1.6, Cent: 0-180%
####################################
******** New Combined Dataset ***********
RooRealVar::mass = 3.41342  L(3.3 - 4.1) // [GeV/c^{2}]

********* Starting Mass Dist. Fit **************

 **********
 **    1 **SET PRINT           1
 **********
 **********
 **    2 **SET NOGRAD
 **********
 PARAMETER DEFINITIONS:
    NO.   NAME         VALUE      STEP SIZE      LIMITS
     1 N_Bkg        2.50000e+05  5.00000e+04    0.00000e+00  5.00000e+05
     2 N_Jpsi       2.50000e+03  5.00000e+02    0.00000e+00  5.00000e+03
     3 f            3.59861e-01  1.00000e-01    0.00000e+00  1.00000e+00
     4 m_{J/#Psi}   3.68600e+00  2.00000e-02    3.58600e+00  3.78600e+00
     5 sigma_1_A    5.11130e-02  1.50000e-02    0.00000e+00  1.50000e-01
     6 sl1          0.00000e+00  2.00000e-01   -1.00000e+00  1.00000e+00
 **********
 **    3 **SET ERR         0.5
 **********
 **********
 **    4 **SET PRINT           1
 **********
 **********
 **    5 **SET STR           1
 **********
 NOW USING STRATEGY  1: TRY TO BALANCE SPEED AGAINST RELIABILITY
 **********
 **    6 **MIGRAD        3000           1
 **********
 FIRST CALL TO USER FUNCTION AT NEW START POINT, WITH IFLAG=4.
 START MIGRAD MINIMIZATION.  STRATEGY  1.  CONVERGENCE WHEN EDM .LT. 1.00e-03
 FCN=-102945 FROM MIGRAD    STATUS=INITIATE       24 CALLS          25 TOTAL
                     EDM= unknown      STRATEGY= 1      NO ERROR MATRIX       
  EXT PARAMETER               CURRENT GUESS       STEP         FIRST   
  NO.   NAME      VALUE            ERROR          SIZE      DERIVATIVE 
   1  N_Bkg        2.50000e+05   5.00000e+04   2.01358e-01   2.22213e+05
   2  N_Jpsi       2.50000e+03   5.00000e+02   2.01358e-01   2.21567e+03
   3  f            3.59861e-01   1.00000e-01   2.10304e-01   7.05976e-01
   4  m_{J/#Psi}   3.68600e+00   2.00000e-02   2.01358e-01  -1.21090e+01
   5  sigma_1_A    5.11130e-02   1.50000e-02   2.13158e-01   4.42412e+00
   6  sl1          0.00000e+00   2.00000e-01   2.01358e-01  -1.47588e+03
                               ERR DEF= 0.5
 MIGRAD FAILS TO FIND IMPROVEMENT
 MIGRAD MINIMIZATION HAS CONVERGED.
 MIGRAD WILL VERIFY CONVERGENCE AND ERROR MATRIX.
 COVARIANCE MATRIX CALCULATED SUCCESSFULLY
 FCN=-265834 FROM MIGRAD    STATUS=CONVERGED     535 CALLS         536 TOTAL
                     EDM=0.000142792    STRATEGY= 1      ERROR MATRIX ACCURATE 
  EXT PARAMETER                                   STEP         FIRST   
  NO.   NAME      VALUE            ERROR          SIZE      DERIVATIVE 
   1  N_Bkg        2.75106e+04   2.10700e+02   5.22885e-04  -2.12289e+00
   2  N_Jpsi       5.58961e+02   1.31421e+02   1.93511e-02   7.50325e-02
   3  f            3.60202e-01   3.87705e-02   2.86114e-02   3.43469e-03
   4  m_{J/#Psi}   3.69175e+00   1.08873e-02   3.71984e-02   2.24052e-02
   5  sigma_1_A    7.09632e-02   1.85430e-02   6.47653e-02   8.62724e-03
   6  sl1          1.60593e-01   1.04486e-02   3.72538e-03   3.31077e-01
                               ERR DEF= 0.5
 EXTERNAL ERROR MATRIX.    NDIM=  25    NPAR=  6    ERR DEF=0.5
  4.439e+04 -1.682e+04 -8.655e-02 -2.316e-01 -1.640e+00 -6.361e-02 
 -1.682e+04  1.731e+04  8.633e-02  2.312e-01  1.636e+00  6.333e-02 
 -8.655e-02  8.633e-02  1.506e-03 -3.647e-06 -5.033e-05  1.043e-06 
 -2.316e-01  2.312e-01 -3.647e-06  1.190e-04  5.189e-05 -1.538e-05 
 -1.640e+00  1.636e+00 -5.033e-05  5.189e-05  3.511e-04  3.195e-06 
 -6.361e-02  6.333e-02  1.043e-06 -1.538e-05  3.195e-06  1.092e-04 
 PARAMETER  CORRELATION COEFFICIENTS  
       NO.  GLOBAL      1      2      3      4      5      6
        1  0.60701   1.000 -0.607 -0.011 -0.101 -0.415 -0.029
        2  0.75894  -0.607  1.000  0.017  0.161  0.664  0.046
        3  0.10935  -0.011  0.017  1.000 -0.009 -0.069  0.003
        4  0.28968  -0.101  0.161 -0.009  1.000  0.254 -0.135
        5  0.68499  -0.415  0.664 -0.069  0.254  1.000  0.016
        6  0.15178  -0.029  0.046  0.003 -0.135  0.016  1.000
Real time 0:00:00, CP time 0.130
Real time 0:00:00, CP time 0.130
 **********
 **    7 **SET ERR         0.5
 **********
 **********
 **    8 **SET PRINT           1
 **********
 **********
 **    9 **HESSE        3000
 **********
 COVARIANCE MATRIX CALCULATED SUCCESSFULLY
 FCN=-265834 FROM HESSE     STATUS=OK             42 CALLS         578 TOTAL
                     EDM=0.000161016    STRATEGY= 1      ERROR MATRIX ACCURATE 
  EXT PARAMETER                                INTERNAL      INTERNAL  
  NO.   NAME      VALUE            ERROR       STEP SIZE       VALUE   
   1  N_Bkg        2.75106e+04   2.14643e+02   1.04577e-04  -1.36636e+01
   2  N_Jpsi       5.58961e+02   1.38114e+02   7.74045e-04  -6.37208e+01
   3  f            3.60202e-01   3.87956e-02   1.14446e-03  -2.83373e-01
   4  m_{J/#Psi}   3.69175e+00   1.09911e-02   7.43968e-03   5.74901e-02
   5  sigma_1_A    7.09632e-02   1.97501e-02   2.59061e-03  -5.38496e-02
   6  sl1          1.60593e-01   1.04475e-02   7.45076e-04   1.61291e-01
                               ERR DEF= 0.5
 EXTERNAL ERROR MATRIX.    NDIM=  25    NPAR=  6    ERR DEF=0.5
  4.607e+04 -1.856e+04  1.376e-02 -3.172e-01 -1.946e+00 -6.175e-02 
 -1.856e+04  1.912e+04 -1.377e-02  3.173e-01  1.946e+00  6.176e-02 
  1.376e-02 -1.377e-02  1.508e-03 -7.308e-06 -6.528e-05  9.390e-07 
 -3.172e-01  3.173e-01 -7.308e-06  1.213e-04  6.251e-05 -1.524e-05 
 -1.946e+00  1.946e+00 -6.528e-05  6.251e-05  3.995e-04  3.564e-06 
 -6.175e-02  6.176e-02  9.390e-07 -1.524e-05  3.564e-06  1.092e-04 
 PARAMETER  CORRELATION COEFFICIENTS  
       NO.  GLOBAL      1      2      3      4      5      6
        1  0.62567   1.000 -0.625  0.002 -0.134 -0.454 -0.028
