
Processing MassFit_FixPar_Data.C(6.5, 9, 0, 1.6, 1)...

[1mRooFit v3.60 -- Developed by Wouter Verkerke and David Kirkby[0m 
                Copyright (C) 2000-2013 NIKHEF, University of California & Stanford University
                All rights reserved, please read http://roofit.sourceforge.net/license.txt

RooDataSet::dataset[mass,pt,y,pt1,pt2,eta1,eta2,weight,ctau3DRes,ctau3D,ctau3DErr,recoQQsign,NumDimu] = 1015372 entries
pt: 6.5-9, y: 0-1.6
####################################
******** New Combined Dataset ***********
RooRealVar::mass = 3.678  L(3.3 - 4.1) // [GeV/c^{2}]
DataStore datasetW ( a dataset)
  Contains 131663 entries
  Observables: 
    1)  ctau3DRes = 1.04049  L(-100000 - 100000)  "c_{#tau}"
    2)     ctau3D = 0.0727877  L(-100000 - 100000) // [mm] "c_{#tau}"
    3)  ctau3DErr = 0.0699553  L(-100000 - 100000) // [mm] "#sigma_{c#tau}"
    4)       mass = 3.91174  L(1 - 6) // [GeV/c^{2}] "mass variable"
    5)         pt = 7.61877  L(0 - 100) // [GeV/c] "pt variable"
    6)          y = -1.17747  L(-5 - 5)  "rapidity of the dimuon pair"

********* Starting Mass Dist. Fit **************

 **********
 **    1 **SET PRINT           1
 **********
 **********
 **    2 **SET NOGRAD
 **********
 PARAMETER DEFINITIONS:
    NO.   NAME         VALUE      STEP SIZE      LIMITS
     1 N_Bkg        2.00000e+05  4.00000e+04    0.00000e+00  4.00000e+05
     2 N_Jpsi       3.00000e+04  6.00000e+03    0.00000e+00  6.00000e+04
     3 lambda1      5.00000e-01  4.00000e-01   -2.00000e+00  2.00000e+00
     4 lambda2      5.00000e-01  4.00000e-01   -2.00000e+00  2.00000e+00
     5 m_{J/#Psi}   3.68600e+00  2.00000e-02    3.58600e+00  3.78600e+00
     6 sigma_1_A    4.85658e-02  2.42829e-02    0.00000e+00  4.00000e-01
 **********
 **    3 **SET ERR         0.5
 **********
 **********
 **    4 **SET PRINT           1
 **********
 **********
 **    5 **SET STR           1
 **********
 NOW USING STRATEGY  1: TRY TO BALANCE SPEED AGAINST RELIABILITY
 **********
 **    6 **MIGRAD        3000           1
 **********
 FIRST CALL TO USER FUNCTION AT NEW START POINT, WITH IFLAG=4.
 START MIGRAD MINIMIZATION.  STRATEGY  1.  CONVERGENCE WHEN EDM .LT. 1.00e-03
 FCN=-1.42331e+06 FROM MIGRAD    STATUS=INITIATE       28 CALLS          29 TOTAL
                     EDM= unknown      STRATEGY= 1      NO ERROR MATRIX       
  EXT PARAMETER               CURRENT GUESS       STEP         FIRST   
  NO.   NAME      VALUE            ERROR          SIZE      DERIVATIVE 
   1  N_Bkg        2.00000e+05   4.00000e+04   2.01358e-01   9.86531e+04
   2  N_Jpsi       3.00000e+04   6.00000e+03   2.01358e-01  -3.22168e+02
   3  lambda1      5.00000e-01   4.00000e-01   2.08372e-01   5.31352e+04
   4  lambda2      5.00000e-01   4.00000e-01   2.08372e-01   4.88473e+04
   5  m_{J/#Psi}   3.68600e+00   2.00000e-02   2.01358e-01   6.67345e+03
   6  sigma_1_A    4.85658e-02   2.42829e-02   1.91952e-01   7.87723e+03
                               ERR DEF= 0.5
 MIGRAD MINIMIZATION HAS CONVERGED.
 MIGRAD WILL VERIFY CONVERGENCE AND ERROR MATRIX.
 COVARIANCE MATRIX CALCULATED SUCCESSFULLY
 FCN=-1.46967e+06 FROM MIGRAD    STATUS=CONVERGED     193 CALLS         194 TOTAL
                     EDM=3.41902e-05    STRATEGY= 1      ERROR MATRIX ACCURATE 
  EXT PARAMETER                                   STEP         FIRST   
  NO.   NAME      VALUE            ERROR          SIZE      DERIVATIVE 
   1  N_Bkg        9.22027e+04   4.09282e+02   1.63621e-03   1.50784e-02
   2  N_Jpsi       3.94609e+04   3.38912e+02   7.24232e-03   4.20418e-01
   3  lambda1     -1.73073e-01   5.75536e-03   2.39035e-03  -3.86269e-02
   4  lambda2      5.42739e-02   7.36224e-03   2.50517e-03  -8.54420e-02
   5  m_{J/#Psi}   3.68186e+00   2.72492e-04   2.27049e-03   4.61491e-01
   6  sigma_1_A    5.08985e-02   4.81268e-04   2.40360e-03   4.14692e-01
                               ERR DEF= 0.5
 EXTERNAL ERROR MATRIX.    NDIM=  25    NPAR=  6    ERR DEF=0.5
  1.675e+05 -7.529e+04 -1.694e-01 -1.332e+00  4.050e-03 -9.135e-02 
 -7.529e+04  1.149e+05  1.694e-01  1.332e+00 -4.054e-03  9.143e-02 
 -1.694e-01  1.694e-01  3.312e-05  5.327e-06 -1.316e-07  1.901e-07 
 -1.332e+00  1.332e+00  5.327e-06  5.420e-05 -5.041e-08  1.549e-06 
  4.050e-03 -4.054e-03 -1.316e-07 -5.041e-08  7.425e-08 -8.692e-09 
 -9.135e-02  9.143e-02  1.901e-07  1.549e-06 -8.692e-09  2.316e-07 
 PARAMETER  CORRELATION COEFFICIENTS  
       NO.  GLOBAL      1      2      3      4      5      6
        1  0.59396   1.000 -0.543 -0.072 -0.442  0.036 -0.464
        2  0.68697  -0.543  1.000  0.087  0.534 -0.044  0.561
        3  0.15107  -0.072  0.087  1.000  0.126 -0.084  0.069
        4  0.58276  -0.442  0.534  0.126  1.000 -0.025  0.437
        5  0.10483   0.036 -0.044 -0.084 -0.025  1.000 -0.066
        6  0.60625  -0.464  0.561  0.069  0.437 -0.066  1.000
Real time 0:00:01, CP time 0.050
Real time 0:00:01, CP time 0.050
 **********
 **    7 **SET ERR         0.5
 **********
 **********
 **    8 **SET PRINT           1
 **********
 **********
 **    9 **HESSE        3000
 **********
 COVARIANCE MATRIX CALCULATED SUCCESSFULLY
 FCN=-1.46967e+06 FROM HESSE     STATUS=OK             40 CALLS         234 TOTAL
                     EDM=3.4593e-05    STRATEGY= 1      ERROR MATRIX ACCURATE 
  EXT PARAMETER                                INTERNAL      INTERNAL  
  NO.   NAME      VALUE            ERROR       STEP SIZE       VALUE   
   1  N_Bkg        9.22027e+04   4.10850e+02   6.54482e-05  -5.69233e-01
   2  N_Jpsi       3.94609e+04   3.40674e+02   2.89693e-04   3.20839e-01
   3  lambda1     -1.73073e-01   5.75620e-03   9.56140e-05  -8.66449e-02
   4  lambda2      5.42739e-02   7.38591e-03   1.00207e-04   2.71403e-02
   5  m_{J/#Psi}   3.68186e+00   2.72602e-04   9.08197e-05  -4.13670e-02
   6  sigma_1_A    5.08985e-02   4.83665e-04   9.61440e-05  -8.41296e-01
                               ERR DEF= 0.5
 EXTERNAL ERROR MATRIX.    NDIM=  25    NPAR=  6    ERR DEF=0.5
  1.688e+05 -7.660e+04 -1.716e-01 -1.353e+00  4.235e-03 -9.317e-02 
 -7.660e+04  1.161e+05  1.716e-01  1.353e+00 -4.235e-03  9.318e-02 
 -1.716e-01  1.716e-01  3.313e-05  5.398e-06 -1.320e-07  1.938e-07 
 -1.353e+00  1.353e+00  5.398e-06  5.455e-05 -5.322e-08  1.578e-06 
  4.235e-03 -4.235e-03 -1.320e-07 -5.322e-08  7.431e-08 -9.373e-09 
 -9.317e-02  9.318e-02  1.938e-07  1.578e-06 -9.373e-09  2.339e-07 
 PARAMETER  CORRELATION COEFFICIENTS  
       NO.  GLOBAL      1      2      3      4      5      6
        1  0.59809   1.000 -0.547 -0.073 -0.446  0.038 -0.469
        2  0.69092  -0.547  1.000  0.088  0.538 -0.046  0.565
        3  0.15202  -0.073  0.088  1.000  0.127 -0.084  0.070
        4  0.58638  -0.446  0.538  0.127  1.000 -0.026  0.442
        5  0.10785   0.038 -0.046 -0.084 -0.026  1.000 -0.071
        6  0.61121  -0.469  0.565  0.070  0.442 -0.071  1.000
Real time 0:00:00, CP time 0.020
Real time 0:00:01, CP time 0.070, 2 slices

********* Finished Mass Dist. Fit **************


  RooFitResult: minimized FCN value: -1.46967e+06, estimated distance to minimum: 3.4593e-05
                covariance matrix quality: Full, accurate covariance matrix
                Status : MINIMIZE=0 HESSE=0 

    Floating Parameter    FinalValue +/-  Error   
  --------------------  --------------------------
                 N_Bkg    9.2203e+04 +/-  4.11e+02
                N_Jpsi    3.9461e+04 +/-  3.41e+02
               lambda1   -1.7307e-01 +/-  5.76e-03
               lambda2    5.4274e-02 +/-  7.39e-03
            m_{J/#Psi}    3.6819e+00 +/-  2.73e-04
             sigma_1_A    5.0898e-02 +/-  4.84e-04

 *** NLL : -1469674.47514488
Info in <TCanvas::Print>: pdf file figs/PRMC/Mass_Fixed_pt6.5-9.0_y0.0-1.6_muPt0.0_PRw_Effw0_Accw0_PtW0_TnP0.pdf has been created

Processing MassFit_FixPar_Data.C(9, 12, 0, 1.6, 1)...

[1mRooFit v3.60 -- Developed by Wouter Verkerke and David Kirkby[0m 
                Copyright (C) 2000-2013 NIKHEF, University of California & Stanford University
                All rights reserved, please read http://roofit.sourceforge.net/license.txt

RooDataSet::dataset[mass,pt,y,pt1,pt2,eta1,eta2,weight,ctau3DRes,ctau3D,ctau3DErr,recoQQsign,NumDimu] = 1015372 entries
pt: 9-12, y: 0-1.6
####################################
******** New Combined Dataset ***********
RooRealVar::mass = 3.678  L(3.3 - 4.1) // [GeV/c^{2}]
DataStore datasetW ( a dataset)
  Contains 86854 entries
  Observables: 
    1)  ctau3DRes = -1.87597  L(-100000 - 100000)  "c_{#tau}"
    2)     ctau3D = -0.046247  L(-100000 - 100000) // [mm] "c_{#tau}"
    3)  ctau3DErr = 0.0246523  L(-100000 - 100000) // [mm] "#sigma_{c#tau}"
    4)       mass = 3.36566  L(1 - 6) // [GeV/c^{2}] "mass variable"
    5)         pt = 10.3321  L(0 - 100) // [GeV/c] "pt variable"
    6)          y = 0.832614  L(-5 - 5)  "rapidity of the dimuon pair"

********* Starting Mass Dist. Fit **************

 **********
 **    1 **SET PRINT           1
 **********
 **********
 **    2 **SET NOGRAD
 **********
 PARAMETER DEFINITIONS:
    NO.   NAME         VALUE      STEP SIZE      LIMITS
     1 N_Bkg        5.00000e+04  1.00000e+04    0.00000e+00  1.00000e+05
     2 N_Jpsi       2.00000e+04  4.00000e+03    0.00000e+00  4.00000e+04
     3 lambda1      5.00000e-01  4.00000e-01   -2.00000e+00  2.00000e+00
     4 lambda2      5.00000e-01  4.00000e-01   -2.00000e+00  2.00000e+00
     5 m_{J/#Psi}   3.68600e+00  2.00000e-02    3.58600e+00  3.78600e+00
     6 sigma_1_A    4.60129e-02  2.30065e-02    0.00000e+00  4.00000e-01
 **********
 **    3 **SET ERR         0.5
 **********
 **********
 **    4 **SET PRINT           1
 **********
 **********
 **    5 **SET STR           1
 **********
 NOW USING STRATEGY  1: TRY TO BALANCE SPEED AGAINST RELIABILITY
 **********
 **    6 **MIGRAD        3000           1
 **********
 FIRST CALL TO USER FUNCTION AT NEW START POINT, WITH IFLAG=4.
 START MIGRAD MINIMIZATION.  STRATEGY  1.  CONVERGENCE WHEN EDM .LT. 1.00e-03
 FCN=-929934 FROM MIGRAD    STATUS=INITIATE       26 CALLS          27 TOTAL
                     EDM= unknown      STRATEGY= 1      NO ERROR MATRIX       
  EXT PARAMETER               CURRENT GUESS       STEP         FIRST   
  NO.   NAME      VALUE            ERROR          SIZE      DERIVATIVE 
   1  N_Bkg        5.00000e+04   1.00000e+04   2.01358e-01  -4.06025e+03
   2  N_Jpsi       2.00000e+04   4.00000e+03   2.01358e-01  -1.27953e+04
   3  lambda1      5.00000e-01   4.00000e-01   2.08372e-01   3.59699e+04
   4  lambda2      5.00000e-01   4.00000e-01   2.08372e-01   1.98776e+04
   5  m_{J/#Psi}   3.68600e+00   2.00000e-02   2.01358e-01   9.52427e+03
   6  sigma_1_A    4.60129e-02   2.30065e-02   1.86185e-01  -1.30375e+03
                               ERR DEF= 0.5
 MIGRAD MINIMIZATION HAS CONVERGED.
 MIGRAD WILL VERIFY CONVERGENCE AND ERROR MATRIX.
 COVARIANCE MATRIX CALCULATED SUCCESSFULLY
 FCN=-943528 FROM MIGRAD    STATUS=CONVERGED     176 CALLS         177 TOTAL
                     EDM=2.70804e-05    STRATEGY= 1      ERROR MATRIX ACCURATE 
  EXT PARAMETER                                   STEP         FIRST   
  NO.   NAME      VALUE            ERROR          SIZE      DERIVATIVE 
   1  N_Bkg        5.32544e+04   3.04846e+02   3.39994e-03   4.97881e-02
   2  N_Jpsi       3.36002e+04   2.70599e+02   9.78458e-03   2.71483e-01
   3  lambda1     -3.98394e-01   7.78237e-03   2.59848e-03   6.27919e-02
   4  lambda2      5.97100e-02   9.64464e-03   2.66219e-03  -2.99692e-02
   5  m_{J/#Psi}   3.68197e+00   2.48347e-04   1.65460e-03   7.57511e-01
   6  sigma_1_A    4.87255e-02   4.41676e-04   1.87952e-03   9.35816e-02
                               ERR DEF= 0.5
 EXTERNAL ERROR MATRIX.    NDIM=  25    NPAR=  6    ERR DEF=0.5
  9.293e+04 -3.958e+04 -1.576e-01 -1.241e+00  4.335e-03 -5.785e-02 
 -3.958e+04  7.323e+04  1.574e-01  1.238e+00 -4.330e-03  5.778e-02 
 -1.576e-01  1.574e-01  6.057e-05  1.549e-05 -1.430e-07  2.065e-07 
 -1.241e+00  1.238e+00  1.549e-05  9.302e-05 -1.263e-07  1.738e-06 
  4.335e-03 -4.330e-03 -1.430e-07 -1.263e-07  6.168e-08 -1.095e-08 
 -5.785e-02  5.778e-02  2.065e-07  1.738e-06 -1.095e-08  1.951e-07 
 PARAMETER  CORRELATION COEFFICIENTS  
       NO.  GLOBAL      1      2      3      4      5      6
        1  0.55797   1.000 -0.480 -0.066 -0.422  0.057 -0.430
        2  0.61220  -0.480  1.000  0.075  0.474 -0.064  0.483
        3  0.21934  -0.066  0.075  1.000  0.206 -0.074  0.060
        4  0.56855  -0.422  0.474  0.206  1.000 -0.053  0.408
        5  0.12229   0.057 -0.064 -0.074 -0.053  1.000 -0.100
        6  0.55775  -0.430  0.483  0.060  0.408 -0.100  1.000
Real time 0:00:01, CP time 0.050
Real time 0:00:01, CP time 0.050
 **********
 **    7 **SET ERR         0.5
 **********
 **********
 **    8 **SET PRINT           1
 **********
 **********
 **    9 **HESSE        3000
 **********
 COVARIANCE MATRIX CALCULATED SUCCESSFULLY
 FCN=-943528 FROM HESSE     STATUS=OK             40 CALLS         217 TOTAL
                     EDM=2.73619e-05    STRATEGY= 1      ERROR MATRIX ACCURATE 
  EXT PARAMETER                                INTERNAL      INTERNAL  
  NO.   NAME      VALUE            ERROR       STEP SIZE       VALUE   
   1  N_Bkg        5.32544e+04   3.05975e+02   1.35998e-04   6.51349e-02
   2  N_Jpsi       3.36002e+04   2.71963e+02   3.91383e-04   7.47779e-01
   3  lambda1     -3.98394e-01   7.78406e-03   1.03939e-04  -2.00538e-01
   4  lambda2      5.97100e-02   9.67541e-03   1.06488e-04   2.98594e-02
   5  m_{J/#Psi}   3.68197e+00   2.48389e-04   3.30920e-04  -4.02762e-02
   6  sigma_1_A    4.87255e-02   4.43236e-04   7.51810e-05  -8.57749e-01
                               ERR DEF= 0.5
 EXTERNAL ERROR MATRIX.    NDIM=  25    NPAR=  6    ERR DEF=0.5
  9.362e+04 -4.037e+04 -1.595e-01 -1.261e+00  4.438e-03 -5.893e-02 
 -4.037e+04  7.397e+04  1.595e-01  1.261e+00 -4.438e-03  5.893e-02 
 -1.595e-01  1.595e-01  6.059e-05  1.561e-05 -1.433e-07  2.094e-07 
 -1.261e+00  1.261e+00  1.561e-05  9.361e-05 -1.290e-07  1.767e-06 
  4.438e-03 -4.438e-03 -1.433e-07 -1.290e-07  6.170e-08 -1.131e-08 
 -5.893e-02  5.893e-02  2.094e-07  1.767e-06 -1.131e-08  1.965e-07 
 PARAMETER  CORRELATION COEFFICIENTS  
       NO.  GLOBAL      1      2      3      4      5      6
        1  0.56250   1.000 -0.485 -0.067 -0.426  0.058 -0.434
        2  0.61727  -0.485  1.000  0.075  0.479 -0.066  0.489
        3  0.22029  -0.067  0.075  1.000  0.207 -0.074  0.061
        4  0.57232  -0.426  0.479  0.207  1.000 -0.054  0.412
        5  0.12452   0.058 -0.066 -0.074 -0.054  1.000 -0.103
        6  0.56269  -0.434  0.489  0.061  0.412 -0.103  1.000
Real time 0:00:00, CP time 0.010
Real time 0:00:01, CP time 0.060, 2 slices

********* Finished Mass Dist. Fit **************


  RooFitResult: minimized FCN value: -943528, estimated distance to minimum: 2.73619e-05
                covariance matrix quality: Full, accurate covariance matrix
                Status : MINIMIZE=0 HESSE=0 

    Floating Parameter    FinalValue +/-  Error   
  --------------------  --------------------------
                 N_Bkg    5.3254e+04 +/-  3.06e+02
                N_Jpsi    3.3600e+04 +/-  2.72e+02
               lambda1   -3.9839e-01 +/-  7.78e-03
               lambda2    5.9710e-02 +/-  9.68e-03
            m_{J/#Psi}    3.6820e+00 +/-  2.48e-04
             sigma_1_A    4.8726e-02 +/-  4.43e-04

 *** NLL : -943527.703015682
Info in <TCanvas::Print>: pdf file figs/PRMC/Mass_Fixed_pt9.0-12.0_y0.0-1.6_muPt0.0_PRw_Effw0_Accw0_PtW0_TnP0.pdf has been created

Processing MassFit_FixPar_Data.C(12, 15, 0, 1.6, 1)...

[1mRooFit v3.60 -- Developed by Wouter Verkerke and David Kirkby[0m 
                Copyright (C) 2000-2013 NIKHEF, University of California & Stanford University
                All rights reserved, please read http://roofit.sourceforge.net/license.txt

RooDataSet::dataset[mass,pt,y,pt1,pt2,eta1,eta2,weight,ctau3DRes,ctau3D,ctau3DErr,recoQQsign,NumDimu] = 1015372 entries
pt: 12-15, y: 0-1.6
####################################
******** New Combined Dataset ***********
RooRealVar::mass = 3.678  L(3.3 - 4.1) // [GeV/c^{2}]
DataStore datasetW ( a dataset)
  Contains 36155 entries
  Observables: 
    1)  ctau3DRes = 0.868267  L(-100000 - 100000)  "c_{#tau}"
    2)     ctau3D = 0.0228479  L(-100000 - 100000) // [mm] "c_{#tau}"
    3)  ctau3DErr = 0.0263144  L(-100000 - 100000) // [mm] "#sigma_{c#tau}"
    4)       mass = 3.86  L(1 - 6) // [GeV/c^{2}] "mass variable"
    5)         pt = 13.3408  L(0 - 100) // [GeV/c] "pt variable"
    6)          y = -1.23271  L(-5 - 5)  "rapidity of the dimuon pair"

********* Starting Mass Dist. Fit **************

 **********
 **    1 **SET PRINT           1
 **********
 **********
 **    2 **SET NOGRAD
 **********
 PARAMETER DEFINITIONS:
    NO.   NAME         VALUE      STEP SIZE      LIMITS
     1 N_Bkg        1.00000e+05  2.00000e+04    0.00000e+00  2.00000e+05
     2 N_Jpsi       1.00000e+04  2.00000e+03    0.00000e+00  2.00000e+04
     3 lambda1      5.00000e-01  4.00000e-01   -2.00000e+00  2.00000e+00
     4 lambda2      5.00000e-01  4.00000e-01   -2.00000e+00  2.00000e+00
     5 m_{J/#Psi}   3.68600e+00  2.00000e-02    3.58600e+00  3.78600e+00
     6 sigma_1_A    4.51614e-02  2.25807e-02    0.00000e+00  4.00000e-01
 **********
 **    3 **SET ERR         0.5
 **********
 **********
 **    4 **SET PRINT           1
 **********
 **********
 **    5 **SET STR           1
 **********
 NOW USING STRATEGY  1: TRY TO BALANCE SPEED AGAINST RELIABILITY
 **********
 **    6 **MIGRAD        3000           1
 **********
 FIRST CALL TO USER FUNCTION AT NEW START POINT, WITH IFLAG=4.
 START MIGRAD MINIMIZATION.  STRATEGY  1.  CONVERGENCE WHEN EDM .LT. 1.00e-03
 FCN=-316228 FROM MIGRAD    STATUS=INITIATE       24 CALLS          25 TOTAL
                     EDM= unknown      STRATEGY= 1      NO ERROR MATRIX       
  EXT PARAMETER               CURRENT GUESS       STEP         FIRST   
  NO.   NAME      VALUE            ERROR          SIZE      DERIVATIVE 
   1  N_Bkg        1.00000e+05   2.00000e+04   2.01358e-01   7.21686e+04
   2  N_Jpsi       1.00000e+04   2.00000e+03   2.01358e-01   1.67576e+03
   3  lambda1      5.00000e-01   4.00000e-01   2.08372e-01   1.91448e+04
   4  lambda2      5.00000e-01   4.00000e-01   2.08372e-01   1.68975e+04
   5  m_{J/#Psi}   3.68600e+00   2.00000e-02   2.01358e-01   2.25382e+03
   6  sigma_1_A    4.51614e-02   2.25807e-02   1.84240e-01   4.67401e+03
                               ERR DEF= 0.5
 MIGRAD MINIMIZATION HAS CONVERGED.
 FCN=-362129 FROM MIGRAD    STATUS=CONVERGED     247 CALLS         248 TOTAL
                     EDM=1.46845e-07    STRATEGY= 1  ERROR MATRIX UNCERTAINTY   2.6 per cent
  EXT PARAMETER                                   STEP         FIRST   
  NO.   NAME      VALUE            ERROR          SIZE      DERIVATIVE 
   1  N_Bkg        2.16617e+04   1.93434e+02  -1.28396e-05  -1.33000e-01
   2  N_Jpsi       1.44934e+04   1.75004e+02   5.10666e-05  -6.77370e-03
   3  lambda1     -4.88564e-01   1.23050e-02   7.48358e-05   4.67744e-02
   4  lambda2      7.28366e-02   1.50812e-02   1.84919e-05  -2.38343e-02
   5  m_{J/#Psi}   3.68226e+00   3.59512e-04   2.39706e-06   2.97016e-02
   6  sigma_1_A    4.77841e-02   6.27165e-04  -1.98253e-05   3.43979e-02
                               ERR DEF= 0.5
 EXTERNAL ERROR MATRIX.    NDIM=  25    NPAR=  6    ERR DEF=0.5
  3.742e+04 -1.582e+04 -1.283e-01 -1.202e+00  4.557e-03 -5.137e-02 
 -1.582e+04  3.063e+04  1.266e-01  1.212e+00 -4.713e-03  5.183e-02 
 -1.283e-01  1.266e-01  1.514e-04  4.363e-05 -3.367e-07  1.992e-07 
 -1.202e+00  1.212e+00  4.363e-05  2.274e-04 -3.208e-07  3.860e-06 
  4.557e-03 -4.713e-03 -3.367e-07 -3.208e-07  1.292e-07 -2.826e-08 
 -5.137e-02  5.183e-02  1.992e-07  3.860e-06 -2.826e-08  3.933e-07 
 PARAMETER  CORRELATION COEFFICIENTS  
       NO.  GLOBAL      1      2      3      4      5      6
        1  0.54858   1.000 -0.467 -0.054 -0.412  0.066 -0.423
        2  0.59769  -0.467  1.000  0.059  0.459 -0.075  0.472
        3  0.25993  -0.054  0.059  1.000  0.235 -0.076  0.026
        4  0.57403  -0.412  0.459  0.235  1.000 -0.059  0.408
        5  0.14671   0.066 -0.075 -0.076 -0.059  1.000 -0.125
        6  0.55790  -0.423  0.472  0.026  0.408 -0.125  1.000
Real time 0:00:00, CP time 0.050
Real time 0:00:00, CP time 0.050
 **********
 **    7 **SET ERR         0.5
 **********
 **********
 **    8 **SET PRINT           1
 **********
 **********
 **    9 **HESSE        3000
 **********
 COVARIANCE MATRIX CALCULATED SUCCESSFULLY
 FCN=-362129 FROM HESSE     STATUS=OK             52 CALLS         300 TOTAL
                     EDM=3.2783e-06    STRATEGY= 1      ERROR MATRIX ACCURATE 
  EXT PARAMETER                                INTERNAL      INTERNAL  
  NO.   NAME      VALUE            ERROR       STEP SIZE       VALUE   
   1  N_Bkg        2.16617e+04   1.91389e+02   1.07857e-03  -7.18328e+00
   2  N_Jpsi       1.44934e+04   1.71601e+02   6.46827e-03   4.66025e-01
   3  lambda1     -4.88564e-01   1.23740e-02   2.56759e-03  -2.46779e-01
   4  lambda2      7.28366e-02   1.50130e-02   2.57953e-03   3.64263e-02
   5  m_{J/#Psi}   3.68226e+00   3.59460e-04   1.48385e-03  -3.74449e-02
   6  sigma_1_A    4.77841e-02   6.34632e-04   1.71685e-03  -8.64976e-01
                               ERR DEF= 0.5
 EXTERNAL ERROR MATRIX.    NDIM=  25    NPAR=  6    ERR DEF=0.5
  3.663e+04 -1.495e+04 -1.436e-01 -1.165e+00  3.963e-03 -4.958e-02 
 -1.495e+04  2.945e+04  1.435e-01  1.164e+00 -3.962e-03  4.955e-02 
 -1.436e-01  1.435e-01  1.531e-04  4.370e-05 -3.072e-07  4.007e-07 
 -1.165e+00  1.164e+00  4.370e-05  2.254e-04 -3.028e-07  3.724e-06 
  3.963e-03 -3.962e-03 -3.072e-07 -3.028e-07  1.292e-07 -2.292e-08 
 -4.958e-02  4.955e-02  4.007e-07  3.724e-06 -2.292e-08  4.028e-07 
 PARAMETER  CORRELATION COEFFICIENTS  
       NO.  GLOBAL      1      2      3      4      5      6
        1  0.53807   1.000 -0.455 -0.061 -0.405  0.058 -0.408
        2  0.58594  -0.455  1.000  0.068  0.452 -0.064  0.455
        3  0.24950  -0.061  0.068  1.000  0.235 -0.069  0.051
        4  0.56308  -0.405  0.452  0.235  1.000 -0.056  0.391
        5  0.12097   0.058 -0.064 -0.069 -0.056  1.000 -0.100
        6  0.53552  -0.408  0.455  0.051  0.391 -0.100  1.000
Real time 0:00:00, CP time 0.000
Real time 0:00:00, CP time 0.050, 2 slices

********* Finished Mass Dist. Fit **************


  RooFitResult: minimized FCN value: -362129, estimated distance to minimum: 3.2783e-06
                covariance matrix quality: Full, accurate covariance matrix
                Status : MINIMIZE=0 HESSE=0 

    Floating Parameter    FinalValue +/-  Error   
  --------------------  --------------------------
                 N_Bkg    2.1662e+04 +/-  1.91e+02
                N_Jpsi    1.4493e+04 +/-  1.72e+02
               lambda1   -4.8856e-01 +/-  1.24e-02
               lambda2    7.2837e-02 +/-  1.50e-02
            m_{J/#Psi}    3.6823e+00 +/-  3.59e-04
             sigma_1_A    4.7784e-02 +/-  6.35e-04

 *** NLL : -362129.188017676
Info in <TCanvas::Print>: pdf file figs/PRMC/Mass_Fixed_pt12.0-15.0_y0.0-1.6_muPt0.0_PRw_Effw0_Accw0_PtW0_TnP0.pdf has been created

Processing MassFit_FixPar_Data.C(15, 20, 0, 1.6, 1)...

[1mRooFit v3.60 -- Developed by Wouter Verkerke and David Kirkby[0m 
                Copyright (C) 2000-2013 NIKHEF, University of California & Stanford University
                All rights reserved, please read http://roofit.sourceforge.net/license.txt

RooDataSet::dataset[mass,pt,y,pt1,pt2,eta1,eta2,weight,ctau3DRes,ctau3D,ctau3DErr,recoQQsign,NumDimu] = 1015372 entries
pt: 15-20, y: 0-1.6
####################################
******** New Combined Dataset ***********
RooRealVar::mass = 3.678  L(3.3 - 4.1) // [GeV/c^{2}]
DataStore datasetW ( a dataset)
  Contains 21433 entries
  Observables: 
    1)  ctau3DRes = 3.60121  L(-100000 - 100000)  "c_{#tau}"
    2)     ctau3D = 0.0739463  L(-100000 - 100000) // [mm] "c_{#tau}"
    3)  ctau3DErr = 0.0205337  L(-100000 - 100000) // [mm] "#sigma_{c#tau}"
    4)       mass = 3.4027  L(1 - 6) // [GeV/c^{2}] "mass variable"
    5)         pt = 18.4387  L(0 - 100) // [GeV/c] "pt variable"
    6)          y = -1.11751  L(-5 - 5)  "rapidity of the dimuon pair"

********* Starting Mass Dist. Fit **************

 **********
 **    1 **SET PRINT           1
 **********
 **********
 **    2 **SET NOGRAD
 **********
 PARAMETER DEFINITIONS:
    NO.   NAME         VALUE      STEP SIZE      LIMITS
     1 N_Bkg        7.50000e+03  1.50000e+03    0.00000e+00  1.50000e+04
     2 N_Jpsi       5.00000e+03  1.00000e+03    0.00000e+00  1.00000e+04
     3 lambda1      5.00000e-01  4.00000e-01   -2.00000e+00  2.00000e+00
     4 lambda2      5.00000e-01  4.00000e-01   -2.00000e+00  2.00000e+00
     5 m_{J/#Psi}   3.68600e+00  2.00000e-02    3.58600e+00  3.78600e+00
     6 sigma_1_A    4.52169e-02  2.26084e-02    0.00000e+00  4.00000e-01
 **********
 **    3 **SET ERR         0.5
 **********
 **********
 **    4 **SET PRINT           1
 **********
 **********
 **    5 **SET STR           1
 **********
 NOW USING STRATEGY  1: TRY TO BALANCE SPEED AGAINST RELIABILITY
 **********
 **    6 **MIGRAD        3000           1
 **********
 FIRST CALL TO USER FUNCTION AT NEW START POINT, WITH IFLAG=4.
 START MIGRAD MINIMIZATION.  STRATEGY  1.  CONVERGENCE WHEN EDM .LT. 1.00e-03
 FCN=-198264 FROM MIGRAD    STATUS=INITIATE       24 CALLS          25 TOTAL
                     EDM= unknown      STRATEGY= 1      NO ERROR MATRIX       
  EXT PARAMETER               CURRENT GUESS       STEP         FIRST   
  NO.   NAME      VALUE            ERROR          SIZE      DERIVATIVE 
   1  N_Bkg        7.50000e+03   1.50000e+03   2.01358e-01  -4.62988e+03
   2  N_Jpsi       5.00000e+03   1.00000e+03   2.01358e-01  -4.30319e+03
   3  lambda1      5.00000e-01   4.00000e-01   2.08372e-01   9.32059e+03
   4  lambda2      5.00000e-01   4.00000e-01   2.08372e-01   2.88157e+03
   5  m_{J/#Psi}   3.68600e+00   2.00000e-02   2.01358e-01   2.90221e+03
   6  sigma_1_A    4.52169e-02   2.26084e-02   1.84367e-01  -2.21187e+03
                               ERR DEF= 0.5
 MIGRAD MINIMIZATION HAS CONVERGED.
 MIGRAD WILL VERIFY CONVERGENCE AND ERROR MATRIX.
 COVARIANCE MATRIX CALCULATED SUCCESSFULLY
 FCN=-203595 FROM MIGRAD    STATUS=CONVERGED     188 CALLS         189 TOTAL
                     EDM=2.85676e-05    STRATEGY= 1      ERROR MATRIX ACCURATE 
  EXT PARAMETER                                   STEP         FIRST   
  NO.   NAME      VALUE            ERROR          SIZE      DERIVATIVE 
   1  N_Bkg        1.27730e+04   1.46065e+02   7.20795e-03  -2.95012e-02
   2  N_Jpsi       8.66006e+03   1.31254e+02   9.81119e-03   7.20620e-02
   3  lambda1     -5.42906e-01   1.61736e-02   2.52303e-03  -2.30696e-01
   4  lambda2      1.06635e-01   1.95420e-02   2.50964e-03   2.54607e-01
   5  m_{J/#Psi}   3.68225e+00   4.63717e-04   1.43602e-03  -2.57033e-01
   6  sigma_1_A    4.79489e-02   8.21273e-04   1.66571e-03  -8.65677e-01
                               ERR DEF= 0.5
 EXTERNAL ERROR MATRIX.    NDIM=  25    NPAR=  6    ERR DEF=0.5
  2.134e+04 -8.545e+03 -1.303e-01 -1.147e+00  3.619e-03 -4.847e-02 
 -8.545e+03  1.724e+04  1.304e-01  1.146e+00 -3.620e-03  4.849e-02 
 -1.303e-01  1.304e-01  2.616e-04  7.889e-05 -5.043e-07  5.916e-07 
 -1.147e+00  1.146e+00  7.889e-05  3.819e-04 -4.899e-07  6.284e-06 
  3.619e-03 -3.620e-03 -5.043e-07 -4.899e-07  2.150e-07 -3.552e-08 
 -4.847e-02  4.849e-02  5.916e-07  6.284e-06 -3.552e-08  6.745e-07 
 PARAMETER  CORRELATION COEFFICIENTS  
       NO.  GLOBAL      1      2      3      4      5      6
        1  0.53146   1.000 -0.446 -0.055 -0.402  0.053 -0.404
        2  0.57858  -0.446  1.000  0.061  0.447 -0.059  0.450
        3  0.26701  -0.055  0.061  1.000  0.250 -0.067  0.045
        4  0.56786  -0.402  0.447  0.250  1.000 -0.054  0.392
        5  0.11437   0.053 -0.059 -0.067 -0.054  1.000 -0.093
        6  0.53308  -0.404  0.450  0.045  0.392 -0.093  1.000
Real time 0:00:00, CP time 0.040
Real time 0:00:00, CP time 0.040
 **********
 **    7 **SET ERR         0.5
 **********
 **********
 **    8 **SET PRINT           1
 **********
 **********
 **    9 **HESSE        3000
 **********
 COVARIANCE MATRIX CALCULATED SUCCESSFULLY
 FCN=-203595 FROM HESSE     STATUS=OK             40 CALLS         229 TOTAL
                     EDM=2.85428e-05    STRATEGY= 1      ERROR MATRIX ACCURATE 
  EXT PARAMETER                                INTERNAL      INTERNAL  
  NO.   NAME      VALUE            ERROR       STEP SIZE       VALUE   
   1  N_Bkg        1.27730e+04   1.46765e+02   2.88318e-04   7.79710e-01
   2  N_Jpsi       8.66006e+03   1.32009e+02   3.92447e-04   8.21271e-01
   3  lambda1     -5.42906e-01   1.61775e-02   1.00921e-04  -2.74903e-01
   4  lambda2      1.06635e-01   1.96185e-02   5.01928e-04   5.33427e-02
   5  m_{J/#Psi}   3.68225e+00   4.63941e-04   2.87205e-04  -3.74762e-02
   6  sigma_1_A    4.79489e-02   8.25616e-04   6.66285e-05  -8.63706e-01
                               ERR DEF= 0.5
 EXTERNAL ERROR MATRIX.    NDIM=  25    NPAR=  6    ERR DEF=0.5
  2.155e+04 -8.772e+03 -1.326e-01 -1.172e+00  3.756e-03 -4.975e-02 
 -8.772e+03  1.744e+04  1.326e-01  1.172e+00 -3.756e-03  4.975e-02 
 -1.326e-01  1.326e-01  2.617e-04  7.938e-05 -5.057e-07  6.046e-07 
 -1.172e+00  1.172e+00  7.938e-05  3.849e-04 -5.056e-07  6.427e-06 
  3.756e-03 -3.756e-03 -5.057e-07 -5.056e-07  2.152e-07 -3.720e-08 
 -4.975e-02  4.975e-02  6.046e-07  6.427e-06 -3.720e-08  6.817e-07 
 PARAMETER  CORRELATION COEFFICIENTS  
       NO.  GLOBAL      1      2      3      4      5      6
        1  0.53783   1.000 -0.453 -0.056 -0.407  0.055 -0.411
        2  0.58509  -0.453  1.000  0.062  0.452 -0.061  0.456
        3  0.26786  -0.056  0.062  1.000  0.250 -0.067  0.045
        4  0.57248  -0.407  0.452  0.250  1.000 -0.056  0.397
        5  0.11739   0.055 -0.061 -0.067 -0.056  1.000 -0.097
        6  0.53941  -0.411  0.456  0.045  0.397 -0.097  1.000
Real time 0:00:00, CP time 0.010
Real time 0:00:00, CP time 0.050, 2 slices

********* Finished Mass Dist. Fit **************


  RooFitResult: minimized FCN value: -203595, estimated distance to minimum: 2.85428e-05
                covariance matrix quality: Full, accurate covariance matrix
                Status : MINIMIZE=0 HESSE=0 

    Floating Parameter    FinalValue +/-  Error   
  --------------------  --------------------------
                 N_Bkg    1.2773e+04 +/-  1.47e+02
                N_Jpsi    8.6601e+03 +/-  1.32e+02
               lambda1   -5.4291e-01 +/-  1.62e-02
               lambda2    1.0663e-01 +/-  1.96e-02
            m_{J/#Psi}    3.6823e+00 +/-  4.64e-04
             sigma_1_A    4.7949e-02 +/-  8.26e-04

 *** NLL : -203595.282158517
Info in <TCanvas::Print>: pdf file figs/PRMC/Mass_Fixed_pt15.0-20.0_y0.0-1.6_muPt0.0_PRw_Effw0_Accw0_PtW0_TnP0.pdf has been created

Processing MassFit_FixPar_Data.C(20, 25, 0, 1.6, 1)...

[1mRooFit v3.60 -- Developed by Wouter Verkerke and David Kirkby[0m 
                Copyright (C) 2000-2013 NIKHEF, University of California & Stanford University
                All rights reserved, please read http://roofit.sourceforge.net/license.txt

RooDataSet::dataset[mass,pt,y,pt1,pt2,eta1,eta2,weight,ctau3DRes,ctau3D,ctau3DErr,recoQQsign,NumDimu] = 1015372 entries
pt: 20-25, y: 0-1.6
####################################
******** New Combined Dataset ***********
RooRealVar::mass = 3.678  L(3.3 - 4.1) // [GeV/c^{2}]
DataStore datasetW ( a dataset)
  Contains 6789 entries
  Observables: 
    1)  ctau3DRes = 40.5253  L(-100000 - 100000)  "c_{#tau}"
    2)     ctau3D = 0.519535  L(-100000 - 100000) // [mm] "c_{#tau}"
    3)  ctau3DErr = 0.01282  L(-100000 - 100000) // [mm] "#sigma_{c#tau}"
    4)       mass = 3.78012  L(1 - 6) // [GeV/c^{2}] "mass variable"
    5)         pt = 20.1385  L(0 - 100) // [GeV/c] "pt variable"
    6)          y = -0.681445  L(-5 - 5)  "rapidity of the dimuon pair"

********* Starting Mass Dist. Fit **************

 **********
 **    1 **SET PRINT           1
 **********
 **********
 **    2 **SET NOGRAD
 **********
 PARAMETER DEFINITIONS:
    NO.   NAME         VALUE      STEP SIZE      LIMITS
     1 N_Bkg        5.00000e+03  1.00000e+03    0.00000e+00  1.00000e+04
     2 N_Jpsi       1.75000e+03  3.50000e+02    0.00000e+00  3.50000e+03
     3 lambda1      5.00000e-01  4.00000e-01   -2.00000e+00  2.00000e+00
     4 lambda2      5.00000e-01  4.00000e-01   -2.00000e+00  2.00000e+00
     5 m_{J/#Psi}   3.68600e+00  2.00000e-02    3.58600e+00  3.78600e+00
     6 sigma_1_A    5.42000e-02  2.71000e-02    0.00000e+00  4.00000e-01
 **********
 **    3 **SET ERR         0.5
 **********
 **********
 **    4 **SET PRINT           1
 **********
 **********
 **    5 **SET STR           1
 **********
 NOW USING STRATEGY  1: TRY TO BALANCE SPEED AGAINST RELIABILITY
 **********
 **    6 **MIGRAD        3000           1
 **********
 FIRST CALL TO USER FUNCTION AT NEW START POINT, WITH IFLAG=4.
 START MIGRAD MINIMIZATION.  STRATEGY  1.  CONVERGENCE WHEN EDM .LT. 1.00e-03
 FCN=-55317.1 FROM MIGRAD    STATUS=INITIATE       26 CALLS          27 TOTAL
                     EDM= unknown      STRATEGY= 1      NO ERROR MATRIX       
  EXT PARAMETER               CURRENT GUESS       STEP         FIRST   
  NO.   NAME      VALUE            ERROR          SIZE      DERIVATIVE 
   1  N_Bkg        5.00000e+03   1.00000e+03   2.01358e-01   6.60915e+02
   2  N_Jpsi       1.75000e+03   3.50000e+02   2.01358e-01  -6.99929e+02
   3  lambda1      5.00000e-01   4.00000e-01   2.08372e-01   3.31176e+03
   4  lambda2      5.00000e-01   4.00000e-01   2.08372e-01   1.63157e+03
   5  m_{J/#Psi}   3.68600e+00   2.00000e-02   2.01358e-01   4.85990e+02
   6  sigma_1_A    5.42000e-02   2.71000e-02   2.04377e-01   7.48179e+01
                               ERR DEF= 0.5
 MIGRAD MINIMIZATION HAS CONVERGED.
 MIGRAD WILL VERIFY CONVERGENCE AND ERROR MATRIX.
 COVARIANCE MATRIX CALCULATED SUCCESSFULLY
 FCN=-56510 FROM MIGRAD    STATUS=CONVERGED     158 CALLS         159 TOTAL
                     EDM=0.000111323    STRATEGY= 1      ERROR MATRIX ACCURATE 
  EXT PARAMETER                                   STEP         FIRST   
  NO.   NAME      VALUE            ERROR          SIZE      DERIVATIVE 
   1  N_Bkg        4.21545e+03   8.50812e+01   2.35954e-03   1.98201e-01
   2  N_Jpsi       2.57366e+03   7.47798e+01   6.29141e-03  -3.80196e-02
   3  lambda1     -5.74312e-01   2.88535e-02   2.37167e-03  -3.55345e-02
   4  lambda2      3.46964e-02   3.45861e-02   2.30831e-03   5.06426e-01
   5  m_{J/#Psi}   3.68410e+00   9.02495e-04   1.47010e-03   9.48240e-03
   6  sigma_1_A    5.65471e-02   1.82579e-03   1.79031e-03   4.85420e-01
                               ERR DEF= 0.5
 EXTERNAL ERROR MATRIX.    NDIM=  25    NPAR=  6    ERR DEF=0.5
  7.240e+03 -3.020e+03 -1.186e-01 -1.213e+00  4.191e-03 -6.547e-02 
 -3.020e+03  5.596e+03  1.186e-01  1.211e+00 -4.191e-03  6.546e-02 
 -1.186e-01  1.186e-01  8.326e-04  2.553e-04 -1.912e-06  2.015e-06 
 -1.213e+00  1.211e+00  2.553e-04  1.196e-03 -1.779e-06  2.529e-05 
  4.191e-03 -4.191e-03 -1.912e-06 -1.779e-06  8.145e-07 -1.520e-07 
 -6.547e-02  6.546e-02  2.015e-06  2.529e-05 -1.520e-07  3.334e-06 
 PARAMETER  CORRELATION COEFFICIENTS  
       NO.  GLOBAL      1      2      3      4      5      6
        1  0.55079   1.000 -0.474 -0.048 -0.412  0.055 -0.421
        2  0.60918  -0.474  1.000  0.055  0.468 -0.062  0.479
        3  0.27972  -0.048  0.055  1.000  0.256 -0.073  0.038
        4  0.58207  -0.412  0.468  0.256  1.000 -0.057  0.401
        5  0.11754   0.055 -0.062 -0.073 -0.057  1.000 -0.092
        6  0.55224  -0.421  0.479  0.038  0.401 -0.092  1.000
Real time 0:00:00, CP time 0.030
Real time 0:00:00, CP time 0.030
 **********
 **    7 **SET ERR         0.5
 **********
 **********
 **    8 **SET PRINT           1
 **********
 **********
 **    9 **HESSE        3000
 **********
 COVARIANCE MATRIX CALCULATED SUCCESSFULLY
 FCN=-56510 FROM HESSE     STATUS=OK             40 CALLS         199 TOTAL
                     EDM=0.000111879    STRATEGY= 1      ERROR MATRIX ACCURATE 
  EXT PARAMETER                                INTERNAL      INTERNAL  
  NO.   NAME      VALUE            ERROR       STEP SIZE       VALUE   
   1  N_Bkg        4.21545e+03   8.52999e+01   4.71908e-04  -1.57562e-01
   2  N_Jpsi       2.57366e+03   7.50357e+01   2.51656e-04   4.90041e-01
   3  lambda1     -5.74312e-01   2.88590e-02   9.48667e-05  -2.91256e-01
   4  lambda2      3.46964e-02   3.46637e-02   4.61662e-04   1.73491e-02
   5  m_{J/#Psi}   3.68410e+00   9.02900e-04   5.88041e-05  -1.90418e-02
   6  sigma_1_A    5.65471e-02   1.83369e-03   7.16123e-05  -7.99869e-01
                               ERR DEF= 0.5
 EXTERNAL ERROR MATRIX.    NDIM=  25    NPAR=  6    ERR DEF=0.5
  7.277e+03 -3.061e+03 -1.192e-01 -1.226e+00  4.311e-03 -6.653e-02 
 -3.061e+03  5.635e+03  1.192e-01  1.226e+00 -4.312e-03  6.653e-02 
 -1.192e-01  1.192e-01  8.329e-04  2.562e-04 -1.915e-06  2.040e-06 
 -1.226e+00  1.226e+00  2.562e-04  1.202e-03 -1.822e-06  2.567e-05 
  4.311e-03 -4.312e-03 -1.915e-06 -1.822e-06  8.153e-07 -1.595e-07 
 -6.653e-02  6.653e-02  2.040e-06  2.567e-05 -1.595e-07  3.363e-06 
 PARAMETER  CORRELATION COEFFICIENTS  
       NO.  GLOBAL      1      2      3      4      5      6
        1  0.55402   1.000 -0.478 -0.048 -0.415  0.056 -0.425
        2  0.61269  -0.478  1.000  0.055  0.471 -0.064  0.483
        3  0.28035  -0.048  0.055  1.000  0.256 -0.073  0.039
        4  0.58461  -0.415  0.471  0.256  1.000 -0.058  0.404
        5  0.12057   0.056 -0.064 -0.073 -0.058  1.000 -0.096
        6  0.55641  -0.425  0.483  0.039  0.404 -0.096  1.000
Real time 0:00:00, CP time 0.010
Real time 0:00:00, CP time 0.040, 2 slices

********* Finished Mass Dist. Fit **************


  RooFitResult: minimized FCN value: -56510, estimated distance to minimum: 0.000111879
                covariance matrix quality: Full, accurate covariance matrix
                Status : MINIMIZE=0 HESSE=0 

    Floating Parameter    FinalValue +/-  Error   
  --------------------  --------------------------
                 N_Bkg    4.2154e+03 +/-  8.53e+01
                N_Jpsi    2.5737e+03 +/-  7.50e+01
               lambda1   -5.7431e-01 +/-  2.89e-02
               lambda2    3.4696e-02 +/-  3.47e-02
            m_{J/#Psi}    3.6841e+00 +/-  9.03e-04
             sigma_1_A    5.6547e-02 +/-  1.83e-03

 *** NLL : -56510.0103470078
Info in <TCanvas::Print>: pdf file figs/PRMC/Mass_Fixed_pt20.0-25.0_y0.0-1.6_muPt0.0_PRw_Effw0_Accw0_PtW0_TnP0.pdf has been created

Processing MassFit_FixPar_Data.C(25, 40, 0, 1.6, 1)...

[1mRooFit v3.60 -- Developed by Wouter Verkerke and David Kirkby[0m 
                Copyright (C) 2000-2013 NIKHEF, University of California & Stanford University
                All rights reserved, please read http://roofit.sourceforge.net/license.txt

RooDataSet::dataset[mass,pt,y,pt1,pt2,eta1,eta2,weight,ctau3DRes,ctau3D,ctau3DErr,recoQQsign,NumDimu] = 1015372 entries
pt: 25-40, y: 0-1.6
####################################
******** New Combined Dataset ***********
RooRealVar::mass = 3.678  L(3.3 - 4.1) // [GeV/c^{2}]
DataStore datasetW ( a dataset)
  Contains 4537 entries
  Observables: 
    1)  ctau3DRes = -1.44753  L(-100000 - 100000)  "c_{#tau}"
    2)     ctau3D = -0.0225182  L(-100000 - 100000) // [mm] "c_{#tau}"
    3)  ctau3DErr = 0.0155563  L(-100000 - 100000) // [mm] "#sigma_{c#tau}"
    4)       mass = 3.65425  L(1 - 6) // [GeV/c^{2}] "mass variable"
    5)         pt = 25.7565  L(0 - 100) // [GeV/c] "pt variable"
    6)          y = -1.03006  L(-5 - 5)  "rapidity of the dimuon pair"

********* Starting Mass Dist. Fit **************

 **********
 **    1 **SET PRINT           1
 **********
 **********
 **    2 **SET NOGRAD
 **********
 PARAMETER DEFINITIONS:
    NO.   NAME         VALUE      STEP SIZE      LIMITS
     1 N_Bkg        2.50000e+05  5.00000e+04    0.00000e+00  5.00000e+05
