
Processing MassFit_FixPar_Data.C(6.5, 9, 0, 1.6, 1)...

[1mRooFit v3.60 -- Developed by Wouter Verkerke and David Kirkby[0m 
                Copyright (C) 2000-2013 NIKHEF, University of California & Stanford University
                All rights reserved, please read http://roofit.sourceforge.net/license.txt

RooDataSet::dataset[mass,pt,y,pt1,pt2,eta1,eta2,weight,ctau3DRes,ctau3D,ctau3DErr,recoQQsign,NumDimu] = 1015372 entries
pt: 6.5-9, y: 0-1.6
####################################
******** New Combined Dataset ***********
RooRealVar::mass = 3.678  L(3.3 - 4.1) // [GeV/c^{2}]
DataStore datasetW ( a dataset)
  Contains 74396 entries
  Observables: 
    1)  ctau3DRes = 0.320432  L(-100000 - 100000)  "c_{#tau}"
    2)     ctau3D = 0.00851424  L(-100000 - 100000) // [mm] "c_{#tau}"
    3)  ctau3DErr = 0.0265711  L(-100000 - 100000) // [mm] "#sigma_{c#tau}"
    4)       mass = 3.64761  L(1 - 6) // [GeV/c^{2}] "mass variable"
    5)         pt = 8.1638  L(0 - 100) // [GeV/c] "pt variable"
    6)          y = -1.3321  L(-5 - 5)  "rapidity of the dimuon pair"

********* Starting Mass Dist. Fit **************

 **********
 **    1 **SET PRINT           1
 **********
 **********
 **    2 **SET NOGRAD
 **********
 PARAMETER DEFINITIONS:
    NO.   NAME         VALUE      STEP SIZE      LIMITS
     1 N_Bkg        3.60000e+05  2.00000e+04    0.00000e+00  4.00000e+05
     2 N_Jpsi       5.40000e+04  3.00000e+03    0.00000e+00  6.00000e+04
     3 alpha_1_A    2.02572e+00  1.00000e+00    0.00000e+00  1.00000e+01
     4 m_{J/#Psi}   3.68600e+00  2.00000e-02    3.58600e+00  3.78600e+00
     5 sigma_1_A    4.85658e-02  1.20000e-02    0.00000e+00  1.20000e-01
     6 sl1          1.00000e-02  2.00000e-01   -1.00000e+00  1.00000e+00
     7 sl2          1.00000e-02  2.00000e-01   -1.00000e+00  1.00000e+00
     8 sl3          1.00000e-02  2.00000e-01   -1.00000e+00  1.00000e+00
 **********
 **    3 **SET ERR         0.5
 **********
 **********
 **    4 **SET PRINT           1
 **********
 **********
 **    5 **SET STR           1
 **********
 NOW USING STRATEGY  1: TRY TO BALANCE SPEED AGAINST RELIABILITY
 **********
 **    6 **MIGRAD        4000           1
 **********
 FIRST CALL TO USER FUNCTION AT NEW START POINT, WITH IFLAG=4.
 START MIGRAD MINIMIZATION.  STRATEGY  1.  CONVERGENCE WHEN EDM .LT. 1.00e-03
 FCN=-788886 FROM MIGRAD    STATUS=INITIATE       88 CALLS          89 TOTAL
                     EDM= unknown      STRATEGY= 1      NO ERROR MATRIX       
  EXT PARAMETER               CURRENT GUESS       STEP         FIRST   
  NO.   NAME      VALUE            ERROR          SIZE      DERIVATIVE 
   1  N_Bkg        5.46672e+04   2.00000e+04   0.00000e+00   5.51651e+03
   2  N_Jpsi       2.13515e+04   3.00000e+03  -1.21973e+00  -7.69925e+02
   3  alpha_1_A    2.02572e+00   1.00000e+00   0.00000e+00  -4.67248e+02
   4  m_{J/#Psi}   3.68600e+00   2.00000e-02   0.00000e+00   4.05002e+03
   5  sigma_1_A    4.85658e-02   1.20000e-02   0.00000e+00   4.39038e+02
   6  sl1          1.00000e-02   2.00000e-01   0.00000e+00  -4.52205e+02
   7  sl2          1.00000e-02   2.00000e-01   0.00000e+00   7.74641e+02
   8  sl3          1.00000e-02   2.00000e-01   0.00000e+00  -1.62413e+02
                               ERR DEF= 0.5
 MIGRAD MINIMIZATION HAS CONVERGED.
 MIGRAD WILL VERIFY CONVERGENCE AND ERROR MATRIX.
 COVARIANCE MATRIX CALCULATED SUCCESSFULLY
 FCN=-789095 FROM MIGRAD    STATUS=CONVERGED     306 CALLS         307 TOTAL
                     EDM=0.000259067    STRATEGY= 1      ERROR MATRIX ACCURATE 
  EXT PARAMETER                                   STEP         FIRST   
  NO.   NAME      VALUE            ERROR          SIZE      DERIVATIVE 
   1  N_Bkg        5.09134e+04   3.53813e+02   1.13015e-03   1.62382e+00
   2  N_Jpsi       2.34835e+04   3.12938e+02   3.94648e-03   3.18173e-01
   3  alpha_1_A    1.96573e+00   5.93285e-02   6.27376e-03   7.10311e-01
   4  m_{J/#Psi}   3.68094e+00   3.47842e-04   2.08657e-03   1.20543e+00
   5  sigma_1_A    4.96407e-02   6.07358e-04   5.00456e-03   7.53370e-01
   6  sl1          5.25892e-02   9.14053e-03   4.76660e-03  -3.37888e-01
   7  sl2          1.16892e-02   1.01700e-02   4.96451e-03  -6.56526e-01
   8  sl3          3.23758e-03   8.30003e-03   4.02528e-03  -1.21729e-02
                               ERR DEF= 0.5
 EXTERNAL ERROR MATRIX.    NDIM=  25    NPAR=  8    ERR DEF=0.5
  1.252e+05 -7.434e+04  1.032e+01  1.642e-03 -8.510e-02 -4.559e-01 -1.765e+00  8.151e-01 
 -7.434e+04  9.793e+04 -1.034e+01 -1.639e-03  8.519e-02  4.567e-01  1.766e+00 -8.163e-01 
  1.032e+01 -1.034e+01  3.520e-03 -1.361e-06  1.033e-06 -1.257e-04 -1.371e-04  1.834e-04 
  1.642e-03 -1.639e-03 -1.361e-06  1.210e-07 -1.865e-08  6.918e-08 -5.796e-08  3.967e-07 
 -8.510e-02  8.519e-02  1.033e-06 -1.865e-08  3.689e-07  1.652e-07  2.582e-06 -4.202e-07 
 -4.559e-01  4.567e-01 -1.257e-04  6.918e-08  1.652e-07  8.355e-05  8.186e-06  2.559e-05 
 -1.765e+00  1.766e+00 -1.371e-04 -5.796e-08  2.582e-06  8.186e-06  1.034e-04 -1.399e-05 
  8.151e-01 -8.163e-01  1.834e-04  3.967e-07 -4.202e-07  2.559e-05 -1.399e-05  6.889e-05 
 PARAMETER  CORRELATION COEFFICIENTS  
       NO.  GLOBAL      1      2      3      4      5      6      7      8
        1  0.71975   1.000 -0.671  0.491  0.013 -0.396 -0.141 -0.491  0.278
        2  0.79844  -0.671  1.000 -0.557 -0.015  0.448  0.160  0.555 -0.314
        3  0.72893   0.491 -0.557  1.000 -0.066  0.029 -0.232 -0.227  0.372
        4  0.21485   0.013 -0.015 -0.066  1.000 -0.088  0.022 -0.016  0.137
        5  0.60810  -0.396  0.448  0.029 -0.088  1.000  0.030  0.418 -0.083
        6  0.52850  -0.141  0.160 -0.232  0.022  0.030  1.000  0.088  0.337
        7  0.60558  -0.491  0.555 -0.227 -0.016  0.418  0.088  1.000 -0.166
        8  0.61224   0.278 -0.314  0.372  0.137 -0.083  0.337 -0.166  1.000
Real time 0:00:00, CP time 0.050
Real time 0:00:00, CP time 0.050
 **********
 **    7 **SET ERR         0.5
 **********
 **********
 **    8 **SET PRINT           1
 **********
 **********
 **    9 **HESSE        4000
 **********
 COVARIANCE MATRIX CALCULATED SUCCESSFULLY
 FCN=-789095 FROM HESSE     STATUS=OK             61 CALLS         368 TOTAL
                     EDM=0.000268947    STRATEGY= 1      ERROR MATRIX ACCURATE 
  EXT PARAMETER                                INTERNAL      INTERNAL  
  NO.   NAME      VALUE            ERROR       STEP SIZE       VALUE   
   1  N_Bkg        5.09134e+04   3.57430e+02   4.52060e-05  -8.41184e-01
   2  N_Jpsi       2.34835e+04   3.16749e+02   1.57859e-04  -2.18962e-01
   3  alpha_1_A    1.96573e+00   6.07124e-02   2.50950e-04  -6.52096e-01
   4  m_{J/#Psi}   3.68094e+00   3.48059e-04   4.17313e-04  -5.05937e-02
   5  sigma_1_A    4.96407e-02   6.09953e-04   2.00183e-04  -1.73525e-01
   6  sl1          5.25892e-02   9.15629e-03   9.53320e-04   5.26135e-02
   7  sl2          1.16892e-02   1.01892e-02   1.98580e-04   1.16895e-02
   8  sl3          3.23758e-03   8.35191e-03   1.61011e-04   3.23758e-03
                               ERR DEF= 0.5
 EXTERNAL ERROR MATRIX.    NDIM=  25    NPAR=  8    ERR DEF=0.5
  1.278e+05 -7.685e+04  1.092e+01  1.362e-03 -8.533e-02 -4.795e-01 -1.795e+00  8.603e-01 
 -7.685e+04  1.003e+05 -1.092e+01 -1.362e-03  8.533e-02  4.795e-01  1.795e+00 -8.603e-01 
  1.092e+01 -1.092e+01  3.686e-03 -1.491e-06  1.388e-06 -1.326e-04 -1.420e-04  1.957e-04 
  1.362e-03 -1.362e-03 -1.491e-06  1.211e-07 -1.968e-08  7.438e-08 -5.615e-08  3.898e-07 
 -8.533e-02  8.533e-02  1.388e-06 -1.968e-08  3.721e-07  1.500e-07  2.600e-06 -4.121e-07 
 -4.795e-01  4.795e-01 -1.326e-04  7.438e-08  1.500e-07  8.384e-05  8.390e-06  2.511e-05 
 -1.795e+00  1.795e+00 -1.420e-04 -5.615e-08  2.600e-06  8.390e-06  1.038e-04 -1.436e-05 
  8.603e-01 -8.603e-01  1.957e-04  3.898e-07 -4.121e-07  2.511e-05 -1.436e-05  6.976e-05 
 PARAMETER  CORRELATION COEFFICIENTS  
       NO.  GLOBAL      1      2      3      4      5      6      7      8
        1  0.72646   1.000 -0.679  0.503  0.011 -0.391 -0.147 -0.493  0.288
        2  0.80385  -0.679  1.000 -0.568 -0.012  0.442  0.165  0.556 -0.325
        3  0.74219   0.503 -0.568  1.000 -0.071  0.037 -0.239 -0.230  0.386
        4  0.21768   0.011 -0.012 -0.071  1.000 -0.093  0.023 -0.016  0.134
        5  0.61220  -0.391  0.442  0.037 -0.093  1.000  0.027  0.418 -0.081
        6  0.53084  -0.147  0.165 -0.239  0.023  0.027  1.000  0.090  0.328
        7  0.60754  -0.493  0.556 -0.230 -0.016  0.418  0.090  1.000 -0.169
        8  0.61853   0.288 -0.325  0.386  0.134 -0.081  0.328 -0.169  1.000
Real time 0:00:00, CP time 0.010
Real time 0:00:00, CP time 0.060, 2 slices

********* Finished Mass Dist. Fit **************


  RooFitResult: minimized FCN value: -789095, estimated distance to minimum: 0.000268947
                covariance matrix quality: Full, accurate covariance matrix
                Status : MINIMIZE=0 HESSE=0 

    Floating Parameter    FinalValue +/-  Error   
  --------------------  --------------------------
                 N_Bkg    5.0913e+04 +/-  3.57e+02
                N_Jpsi    2.3483e+04 +/-  3.17e+02
             alpha_1_A    1.9657e+00 +/-  6.07e-02
            m_{J/#Psi}    3.6809e+00 +/-  3.48e-04
             sigma_1_A    4.9641e-02 +/-  6.10e-04
                   sl1    5.2589e-02 +/-  9.16e-03
                   sl2    1.1689e-02 +/-  1.02e-02
                   sl3    3.2376e-03 +/-  8.35e-03

 *** NLL : -789095.446030432
Info in <TCanvas::Print>: pdf file figs/PRMC/Mass_Fixed_pt6.5-9.0_y0.0-1.6_muPt0.0_PRw_Effw0_Accw0_PtW0_TnP0.pdf has been created

Processing MassFit_FixPar_Data.C(9, 12, 0, 1.6, 1)...

[1mRooFit v3.60 -- Developed by Wouter Verkerke and David Kirkby[0m 
                Copyright (C) 2000-2013 NIKHEF, University of California & Stanford University
                All rights reserved, please read http://roofit.sourceforge.net/license.txt

RooDataSet::dataset[mass,pt,y,pt1,pt2,eta1,eta2,weight,ctau3DRes,ctau3D,ctau3DErr,recoQQsign,NumDimu] = 1015372 entries
pt: 9-12, y: 0-1.6
####################################
******** New Combined Dataset ***********
RooRealVar::mass = 3.678  L(3.3 - 4.1) // [GeV/c^{2}]
DataStore datasetW ( a dataset)
  Contains 42654 entries
  Observables: 
    1)  ctau3DRes = -1.87597  L(-100000 - 100000)  "c_{#tau}"
    2)     ctau3D = -0.046247  L(-100000 - 100000) // [mm] "c_{#tau}"
    3)  ctau3DErr = 0.0246523  L(-100000 - 100000) // [mm] "#sigma_{c#tau}"
    4)       mass = 3.36566  L(1 - 6) // [GeV/c^{2}] "mass variable"
    5)         pt = 10.3321  L(0 - 100) // [GeV/c] "pt variable"
    6)          y = 0.832614  L(-5 - 5)  "rapidity of the dimuon pair"

********* Starting Mass Dist. Fit **************

 **********
 **    1 **SET PRINT           1
 **********
 **********
 **    2 **SET NOGRAD
 **********
 PARAMETER DEFINITIONS:
    NO.   NAME         VALUE      STEP SIZE      LIMITS
     1 N_Bkg        9.00000e+04  5.00000e+03    0.00000e+00  1.00000e+05
     2 N_Jpsi       3.60000e+04  2.00000e+03    0.00000e+00  4.00000e+04
     3 alpha_1_A    1.99094e+00  9.95468e-01    0.00000e+00  1.00000e+01
     4 m_{J/#Psi}   3.68600e+00  2.00000e-02    3.58600e+00  3.78600e+00
     5 sigma_1_A    4.60129e-02  1.20000e-02    0.00000e+00  1.20000e-01
     6 sl1          1.00000e-02  2.00000e-01   -1.00000e+00  1.00000e+00
     7 sl2          1.00000e-02  2.00000e-01   -1.00000e+00  1.00000e+00
     8 sl3          1.00000e-02  2.00000e-01   -1.00000e+00  1.00000e+00
 **********
 **    3 **SET ERR         0.5
 **********
 **********
 **    4 **SET PRINT           1
 **********
 **********
 **    5 **SET STR           1
 **********
 NOW USING STRATEGY  1: TRY TO BALANCE SPEED AGAINST RELIABILITY
 **********
 **    6 **MIGRAD        4000           1
 **********
 FIRST CALL TO USER FUNCTION AT NEW START POINT, WITH IFLAG=4.
 START MIGRAD MINIMIZATION.  STRATEGY  1.  CONVERGENCE WHEN EDM .LT. 1.00e-03
 FCN=-434481 FROM MIGRAD    STATUS=INITIATE       87 CALLS          88 TOTAL
                     EDM= unknown      STRATEGY= 1      NO ERROR MATRIX       
  EXT PARAMETER               CURRENT GUESS       STEP         FIRST   
  NO.   NAME      VALUE            ERROR          SIZE      DERIVATIVE 
   1  N_Bkg        2.74806e+04   5.00000e+03   0.00000e+00   3.52983e+03
   2  N_Jpsi       1.75366e+04   2.00000e+03  -1.05078e+00   2.15289e+02
   3  alpha_1_A    1.99094e+00   9.95468e-01   0.00000e+00   7.09796e+01
   4  m_{J/#Psi}   3.68600e+00   2.00000e-02   0.00000e+00   5.18937e+03
   5  sigma_1_A    4.60129e-02   1.20000e-02   0.00000e+00  -1.11723e+01
   6  sl1          1.00000e-02   2.00000e-01   0.00000e+00   5.68181e+02
   7  sl2          1.00000e-02   2.00000e-01   0.00000e+00   4.54275e+02
   8  sl3          1.00000e-02   2.00000e-01   0.00000e+00  -6.95051e+02
                               ERR DEF= 0.5
 MIGRAD MINIMIZATION HAS CONVERGED.
 MIGRAD WILL VERIFY CONVERGENCE AND ERROR MATRIX.
 COVARIANCE MATRIX CALCULATED SUCCESSFULLY
 FCN=-434758 FROM MIGRAD    STATUS=CONVERGED     284 CALLS         285 TOTAL
                     EDM=0.000132186    STRATEGY= 1      ERROR MATRIX ACCURATE 
  EXT PARAMETER                                   STEP         FIRST   
  NO.   NAME      VALUE            ERROR          SIZE      DERIVATIVE 
   1  N_Bkg        2.42595e+04   2.51312e+02   1.83521e-03   2.04313e-01
   2  N_Jpsi       1.83948e+04   2.39464e+02   3.56959e-03   2.11400e-01
   3  alpha_1_A    1.89659e+00   5.81387e-02   4.48688e-03   6.68990e-01
   4  m_{J/#Psi}   3.68060e+00   3.33159e-04   1.47862e-03  -3.34805e-01
   5  sigma_1_A    4.79783e-02   5.87013e-04   3.75204e-03   1.60373e-01
   6  sl1         -3.19407e-02   1.32269e-02   5.14221e-03   2.80595e-01
   7  sl2          1.63168e-02   1.48249e-02   5.42187e-03   1.72671e-01
   8  sl3          6.40182e-03   1.24107e-02   4.36255e-03   2.48837e-01
                               ERR DEF= 0.5
 EXTERNAL ERROR MATRIX.    NDIM=  25    NPAR=  8    ERR DEF=0.5
  6.316e+04 -3.891e+04  7.782e+00 -9.889e-04 -4.974e-02 -4.208e-01 -1.872e+00  1.052e+00 
 -3.891e+04  5.735e+04 -7.793e+00  9.953e-04  4.976e-02  4.214e-01  1.872e+00 -1.053e+00 
  7.782e+00 -7.793e+00  3.380e-03 -2.434e-06  2.593e-06 -1.649e-04 -2.301e-04  3.008e-04 
 -9.889e-04  9.953e-04 -2.434e-06  1.110e-07 -2.319e-08  1.419e-07 -3.957e-08  3.629e-07 
 -4.974e-02  4.976e-02  2.593e-06 -2.319e-08  3.446e-07  2.392e-08  3.259e-06 -5.880e-07 
 -4.208e-01  4.214e-01 -1.649e-04  1.419e-07  2.392e-08  1.750e-04  9.958e-06  5.388e-05 
 -1.872e+00  1.872e+00 -2.301e-04 -3.957e-08  3.259e-06  9.958e-06  2.198e-04 -4.400e-05 
  1.052e+00 -1.053e+00  3.008e-04  3.629e-07 -5.880e-07  5.388e-05 -4.400e-05  1.540e-04 
 PARAMETER  CORRELATION COEFFICIENTS  
       NO.  GLOBAL      1      2      3      4      5      6      7      8
        1  0.72627   1.000 -0.647  0.533 -0.012 -0.337 -0.127 -0.502  0.337
        2  0.75770  -0.647  1.000 -0.560  0.012  0.354  0.133  0.527 -0.354
        3  0.74682   0.533 -0.560  1.000 -0.126  0.076 -0.214 -0.267  0.417
        4  0.23002  -0.012  0.012 -0.126  1.000 -0.119  0.032 -0.008  0.088
        5  0.56530  -0.337  0.354  0.076 -0.119  1.000  0.003  0.374 -0.081
        6  0.52128  -0.127  0.133 -0.214  0.032  0.003  1.000  0.051  0.328
        7  0.59585  -0.502  0.527 -0.267 -0.008  0.374  0.051  1.000 -0.239
        8  0.63566   0.337 -0.354  0.417  0.088 -0.081  0.328 -0.239  1.000
Real time 0:00:00, CP time 0.060
Real time 0:00:00, CP time 0.060
 **********
 **    7 **SET ERR         0.5
 **********
 **********
 **    8 **SET PRINT           1
 **********
 **********
 **    9 **HESSE        4000
 **********
 COVARIANCE MATRIX CALCULATED SUCCESSFULLY
 FCN=-434758 FROM HESSE     STATUS=OK             61 CALLS         346 TOTAL
                     EDM=0.000134624    STRATEGY= 1      ERROR MATRIX ACCURATE 
  EXT PARAMETER                                INTERNAL      INTERNAL  
  NO.   NAME      VALUE            ERROR       STEP SIZE       VALUE   
   1  N_Bkg        2.42595e+04   2.53037e+02   7.34083e-05  -5.40786e-01
   2  N_Jpsi       1.83948e+04   2.41172e+02   1.42784e-04  -8.03449e-02
   3  alpha_1_A    1.89659e+00   5.87355e-02   1.79475e-04  -6.69613e-01
   4  m_{J/#Psi}   3.68060e+00   3.33322e-04   2.95725e-04  -5.39917e-02
   5  sigma_1_A    4.79783e-02   5.88162e-04   1.50081e-04  -2.01727e-01
   6  sl1         -3.19407e-02   1.32335e-02   1.02844e-03  -3.19461e-02
   7  sl2          1.63168e-02   1.48373e-02   2.16875e-04   1.63175e-02
   8  sl3          6.40182e-03   1.24624e-02   8.72510e-04   6.40186e-03
                               ERR DEF= 0.5
 EXTERNAL ERROR MATRIX.    NDIM=  25    NPAR=  8    ERR DEF=0.5
  6.403e+04 -3.977e+04  8.024e+00 -1.138e-03 -4.990e-02 -4.321e-01 -1.891e+00  1.085e+00 
 -3.977e+04  5.817e+04 -8.024e+00  1.139e-03  4.990e-02  4.321e-01  1.891e+00 -1.085e+00 
  8.024e+00 -8.024e+00  3.450e-03 -2.502e-06  2.700e-06 -1.687e-04 -2.343e-04  3.112e-04 
 -1.138e-03  1.139e-03 -2.502e-06  1.111e-07 -2.384e-08  1.458e-07 -3.735e-08  3.552e-07 
 -4.990e-02  4.990e-02  2.700e-06 -2.384e-08  3.459e-07  1.287e-08  3.270e-06 -5.863e-07 
 -4.321e-01  4.321e-01 -1.687e-04  1.458e-07  1.287e-08  1.751e-04  1.007e-05  5.331e-05 
 -1.891e+00  1.891e+00 -2.343e-04 -3.735e-08  3.270e-06  1.007e-05  2.202e-04 -4.455e-05 
  1.085e+00 -1.085e+00  3.112e-04  3.552e-07 -5.863e-07  5.331e-05 -4.455e-05  1.553e-04 
 PARAMETER  CORRELATION COEFFICIENTS  
       NO.  GLOBAL      1      2      3      4      5      6      7      8
        1  0.73067   1.000 -0.652  0.540 -0.013 -0.335 -0.129 -0.504  0.344
        2  0.76166  -0.652  1.000 -0.566  0.014  0.352  0.135  0.529 -0.361
        3  0.75354   0.540 -0.566  1.000 -0.128  0.078 -0.217 -0.269  0.425
        4  0.23234  -0.013  0.014 -0.128  1.000 -0.122  0.033 -0.008  0.086
        5  0.56791  -0.335  0.352  0.078 -0.122  1.000  0.002  0.375 -0.080
        6  0.52198  -0.129  0.135 -0.217  0.033  0.002  1.000  0.051  0.323
        7  0.59676  -0.504  0.529 -0.269 -0.008  0.375  0.051  1.000 -0.241
        8  0.63953   0.344 -0.361  0.425  0.086 -0.080  0.323 -0.241  1.000
Real time 0:00:00, CP time 0.000
Real time 0:00:00, CP time 0.060, 2 slices

********* Finished Mass Dist. Fit **************


  RooFitResult: minimized FCN value: -434758, estimated distance to minimum: 0.000134624
                covariance matrix quality: Full, accurate covariance matrix
                Status : MINIMIZE=0 HESSE=0 

    Floating Parameter    FinalValue +/-  Error   
  --------------------  --------------------------
                 N_Bkg    2.4259e+04 +/-  2.53e+02
                N_Jpsi    1.8395e+04 +/-  2.41e+02
             alpha_1_A    1.8966e+00 +/-  5.87e-02
            m_{J/#Psi}    3.6806e+00 +/-  3.33e-04
             sigma_1_A    4.7978e-02 +/-  5.88e-04
                   sl1   -3.1941e-02 +/-  1.32e-02
                   sl2    1.6317e-02 +/-  1.48e-02
                   sl3    6.4018e-03 +/-  1.25e-02

 *** NLL : -434758.087342024
Info in <TCanvas::Print>: pdf file figs/PRMC/Mass_Fixed_pt9.0-12.0_y0.0-1.6_muPt0.0_PRw_Effw0_Accw0_PtW0_TnP0.pdf has been created

Processing MassFit_FixPar_Data.C(12, 15, 0, 1.6, 1)...

[1mRooFit v3.60 -- Developed by Wouter Verkerke and David Kirkby[0m 
                Copyright (C) 2000-2013 NIKHEF, University of California & Stanford University
                All rights reserved, please read http://roofit.sourceforge.net/license.txt

RooDataSet::dataset[mass,pt,y,pt1,pt2,eta1,eta2,weight,ctau3DRes,ctau3D,ctau3DErr,recoQQsign,NumDimu] = 1015372 entries
pt: 12-15, y: 0-1.6
####################################
******** New Combined Dataset ***********
RooRealVar::mass = 3.678  L(3.3 - 4.1) // [GeV/c^{2}]
DataStore datasetW ( a dataset)
  Contains 16096 entries
  Observables: 
    1)  ctau3DRes = -0.620317  L(-100000 - 100000)  "c_{#tau}"
    2)     ctau3D = -0.0120909  L(-100000 - 100000) // [mm] "c_{#tau}"
    3)  ctau3DErr = 0.0194914  L(-100000 - 100000) // [mm] "#sigma_{c#tau}"
    4)       mass = 3.71879  L(1 - 6) // [GeV/c^{2}] "mass variable"
    5)         pt = 12.9825  L(0 - 100) // [GeV/c] "pt variable"
    6)          y = 0.351429  L(-5 - 5)  "rapidity of the dimuon pair"

********* Starting Mass Dist. Fit **************

 **********
 **    1 **SET PRINT           1
 **********
 **********
 **    2 **SET NOGRAD
 **********
 PARAMETER DEFINITIONS:
    NO.   NAME         VALUE      STEP SIZE      LIMITS
     1 N_Bkg        1.80000e+05  1.00000e+04    0.00000e+00  2.00000e+05
     2 N_Jpsi       1.80000e+04  1.00000e+03    0.00000e+00  2.00000e+04
     3 alpha_1_A    2.03861e+00  1.00000e+00    0.00000e+00  1.00000e+01
     4 m_{J/#Psi}   3.68600e+00  2.00000e-02    3.58600e+00  3.78600e+00
     5 sigma_1_A    4.51614e-02  1.20000e-02    0.00000e+00  1.20000e-01
     6 sl1          1.00000e-02  2.00000e-01   -1.00000e+00  1.00000e+00
     7 sl2          1.00000e-02  2.00000e-01   -1.00000e+00  1.00000e+00
     8 sl3          1.00000e-02  2.00000e-01   -1.00000e+00  1.00000e+00
 **********
 **    3 **SET ERR         0.5
 **********
 **********
 **    4 **SET PRINT           1
 **********
 **********
 **    5 **SET STR           1
 **********
 NOW USING STRATEGY  1: TRY TO BALANCE SPEED AGAINST RELIABILITY
 **********
 **    6 **MIGRAD        4000           1
 **********
 FIRST CALL TO USER FUNCTION AT NEW START POINT, WITH IFLAG=4.
 START MIGRAD MINIMIZATION.  STRATEGY  1.  CONVERGENCE WHEN EDM .LT. 1.00e-03
 FCN=-127386 FROM MIGRAD    STATUS=INITIATE      145 CALLS         146 TOTAL
                     EDM= unknown      STRATEGY= 1      NO ERROR MATRIX       
  EXT PARAMETER               CURRENT GUESS       STEP         FIRST   
  NO.   NAME      VALUE            ERROR          SIZE      DERIVATIVE 
   1  N_Bkg        5.06102e+04   1.00000e+04   0.00000e+00   5.98245e+04
   2  N_Jpsi       2.34933e+02   1.00000e+03   0.00000e+00   6.54211e+02
   3  alpha_1_A    2.03861e+00   1.00000e+00   0.00000e+00  -6.66781e+01
   4  m_{J/#Psi}   3.68600e+00   2.00000e-02   0.00000e+00   8.48695e+01
   5  sigma_1_A    9.62215e-03   1.20000e-02  -7.46700e-01   5.19243e+00
   6  sl1          1.00000e-02   2.00000e-01   0.00000e+00   7.05360e+02
   7  sl2          1.00000e-02   2.00000e-01   0.00000e+00   4.34177e+03
   8  sl3          1.00000e-02   2.00000e-01   0.00000e+00  -1.24601e+03
                               ERR DEF= 0.5
 MIGRAD MINIMIZATION HAS CONVERGED.
 MIGRAD WILL VERIFY CONVERGENCE AND ERROR MATRIX.
 COVARIANCE MATRIX CALCULATED SUCCESSFULLY
 FCN=-148867 FROM MIGRAD    STATUS=CONVERGED     537 CALLS         538 TOTAL
                     EDM=2.71368e-05    STRATEGY= 1      ERROR MATRIX ACCURATE 
  EXT PARAMETER                                   STEP         FIRST   
  NO.   NAME      VALUE            ERROR          SIZE      DERIVATIVE 
   1  N_Bkg        8.94514e+03   1.56485e+02   6.76301e-04  -3.82553e-01
   2  N_Jpsi       7.15070e+03   1.50731e+02   2.68683e-03   1.11071e-01
   3  alpha_1_A    1.96345e+00   1.02519e-01   4.28875e-03   1.85396e-01
   4  m_{J/#Psi}   3.68184e+00   5.01918e-04   1.30777e-03   4.85114e-01
   5  sigma_1_A    4.66096e-02   8.63738e-04   3.33716e-03   1.82621e-02
   6  sl1         -7.87768e-02   2.19136e-02   4.96371e-03   5.25020e-02
   7  sl2          1.55669e-03   2.43899e-02   5.27021e-03   1.14290e-01
   8  sl3          4.72224e-03   2.08780e-02   4.20206e-03  -1.63173e-02
                               ERR DEF= 0.5
 EXTERNAL ERROR MATRIX.    NDIM=  25    NPAR=  8    ERR DEF=0.5
  2.449e+04  1.556e+04  9.491e+00 -1.363e-03 -3.990e-02 -4.782e-01 -1.888e+00  1.223e+00 
  1.556e+04  2.272e+04  9.501e+00 -1.364e-03 -3.995e-02 -4.787e-01 -1.891e+00  1.224e+00 
  9.491e+00  9.501e+00  1.051e-02 -5.800e-06  5.680e-06 -5.270e-04 -7.377e-04  9.734e-04 
 -1.363e-03 -1.364e-03 -5.800e-06  2.519e-07 -4.903e-08  3.702e-07 -8.461e-08  7.852e-07 
 -3.990e-02 -3.995e-02  5.680e-06 -4.903e-08  7.461e-07 -2.092e-07  7.263e-06 -1.359e-06 
 -4.782e-01 -4.787e-01 -5.270e-04  3.702e-07 -2.092e-07  4.803e-04  1.755e-05  1.408e-04 
 -1.888e+00 -1.891e+00 -7.377e-04 -8.461e-08  7.263e-06  1.755e-05  5.950e-04 -1.395e-04 
  1.223e+00  1.224e+00  9.734e-04  7.852e-07 -1.359e-06  1.408e-04 -1.395e-04  4.360e-04 
 PARAMETER  CORRELATION COEFFICIENTS  
       NO.  GLOBAL      1      2      3      4      5      6      7      8
        1  0.74185   1.000  0.660  0.592 -0.017 -0.295 -0.139 -0.495  0.374
        2  0.76731   0.660  1.000  0.615 -0.018 -0.307 -0.145 -0.514  0.389
        3  0.78089   0.592  0.615  1.000 -0.113  0.064 -0.235 -0.295  0.455
        4  0.21249  -0.017 -0.018 -0.113  1.000 -0.113  0.034 -0.007  0.075
        5  0.52953  -0.295 -0.307  0.064 -0.113  1.000 -0.011  0.345 -0.075
        6  0.53097  -0.139 -0.145 -0.235  0.034 -0.011  1.000  0.033  0.308
        7  0.58515  -0.495 -0.514 -0.295 -0.007  0.345  0.033  1.000 -0.274
        8  0.65534   0.374  0.389  0.455  0.075 -0.075  0.308 -0.274  1.000
Real time 0:00:00, CP time 0.070
Real time 0:00:00, CP time 0.070
 **********
 **    7 **SET ERR         0.5
 **********
 **********
 **    8 **SET PRINT           1
 **********
 **********
 **    9 **HESSE        4000
 **********
 COVARIANCE MATRIX CALCULATED SUCCESSFULLY
 FCN=-148867 FROM HESSE     STATUS=OK             61 CALLS         599 TOTAL
                     EDM=2.75179e-05    STRATEGY= 1      ERROR MATRIX ACCURATE 
  EXT PARAMETER                                INTERNAL      INTERNAL  
  NO.   NAME      VALUE            ERROR       STEP SIZE       VALUE   
   1  N_Bkg        8.94514e+03   1.58540e+02   2.70520e-05  -1.14461e+00
   2  N_Jpsi       7.15070e+03   1.52774e+02   1.07473e-04  -2.85266e+00
   3  alpha_1_A    1.96345e+00   1.04635e-01   1.71550e-04  -6.52671e-01
   4  m_{J/#Psi}   3.68184e+00   5.02226e-04   2.61554e-04  -4.16538e-02
   5  sigma_1_A    4.66096e-02   8.64901e-04   1.33486e-04  -2.25069e-01
   6  sl1         -7.87768e-02   2.19378e-02   9.92741e-04  -7.88585e-02
   7  sl2          1.55669e-03   2.44373e-02   2.10809e-04   1.55669e-03
   8  sl3          4.72224e-03   2.10337e-02   1.68082e-04   4.72226e-03
                               ERR DEF= 0.5
 EXTERNAL ERROR MATRIX.    NDIM=  25    NPAR=  8    ERR DEF=0.5
  2.514e+04  1.619e+04  1.004e+01 -1.542e-03 -4.095e-02 -5.061e-01 -1.931e+00  1.289e+00 
  1.619e+04  2.334e+04  1.004e+01 -1.542e-03 -4.095e-02 -5.061e-01 -1.931e+00  1.289e+00 
  1.004e+01  1.004e+01  1.095e-02 -5.967e-06  4.712e-06 -5.507e-04 -7.760e-04  1.030e-03 
 -1.542e-03 -1.542e-03 -5.967e-06  2.522e-07 -4.998e-08  3.799e-07 -7.360e-08  7.644e-07 
 -4.095e-02 -4.095e-02  4.712e-06 -4.998e-08  7.481e-07 -1.738e-07  7.342e-06 -1.460e-06 
 -5.061e-01 -5.061e-01 -5.507e-04  3.799e-07 -1.738e-07  4.813e-04  1.928e-05  1.376e-04 
 -1.931e+00 -1.931e+00 -7.760e-04 -7.360e-08  7.342e-06  1.928e-05  5.973e-04 -1.435e-04 
  1.289e+00  1.289e+00  1.030e-03  7.644e-07 -1.460e-06  1.376e-04 -1.435e-04  4.425e-04 
 PARAMETER  CORRELATION COEFFICIENTS  
       NO.  GLOBAL      1      2      3      4      5      6      7      8
        1  0.74961   1.000  0.668  0.605 -0.019 -0.299 -0.146 -0.498  0.386
        2  0.77440   0.668  1.000  0.628 -0.020 -0.310 -0.151 -0.517  0.401
        3  0.78971   0.605  0.628  1.000 -0.114  0.052 -0.240 -0.303  0.468
        4  0.21448  -0.019 -0.020 -0.114  1.000 -0.115  0.034 -0.006  0.072
        5  0.53024  -0.299 -0.310  0.052 -0.115  1.000 -0.009  0.347 -0.080
        6  0.53246  -0.146 -0.151 -0.240  0.034 -0.009  1.000  0.036  0.298
        7  0.58732  -0.498 -0.517 -0.303 -0.006  0.347  0.036  1.000 -0.279
        8  0.66173   0.386  0.401  0.468  0.072 -0.080  0.298 -0.279  1.000
Real time 0:00:00, CP time 0.010
Real time 0:00:00, CP time 0.080, 2 slices

********* Finished Mass Dist. Fit **************


  RooFitResult: minimized FCN value: -148867, estimated distance to minimum: 2.75179e-05
                covariance matrix quality: Full, accurate covariance matrix
                Status : MINIMIZE=0 HESSE=0 

    Floating Parameter    FinalValue +/-  Error   
  --------------------  --------------------------
                 N_Bkg    8.9451e+03 +/-  1.59e+02
                N_Jpsi    7.1507e+03 +/-  1.53e+02
             alpha_1_A    1.9634e+00 +/-  1.05e-01
            m_{J/#Psi}    3.6818e+00 +/-  5.02e-04
             sigma_1_A    4.6610e-02 +/-  8.65e-04
                   sl1   -7.8777e-02 +/-  2.19e-02
                   sl2    1.5567e-03 +/-  2.44e-02
                   sl3    4.7222e-03 +/-  2.10e-02

 *** NLL : -148867.043211031
Info in <TCanvas::Print>: pdf file figs/PRMC/Mass_Fixed_pt12.0-15.0_y0.0-1.6_muPt0.0_PRw_Effw0_Accw0_PtW0_TnP0.pdf has been created

Processing MassFit_FixPar_Data.C(15, 20, 0, 1.6, 1)...

[1mRooFit v3.60 -- Developed by Wouter Verkerke and David Kirkby[0m 
                Copyright (C) 2000-2013 NIKHEF, University of California & Stanford University
                All rights reserved, please read http://roofit.sourceforge.net/license.txt

RooDataSet::dataset[mass,pt,y,pt1,pt2,eta1,eta2,weight,ctau3DRes,ctau3D,ctau3DErr,recoQQsign,NumDimu] = 1015372 entries
pt: 15-20, y: 0-1.6
####################################
******** New Combined Dataset ***********
RooRealVar::mass = 3.678  L(3.3 - 4.1) // [GeV/c^{2}]
DataStore datasetW ( a dataset)
  Contains 8902 entries
  Observables: 
    1)  ctau3DRes = -3.27227  L(-100000 - 100000)  "c_{#tau}"
    2)     ctau3D = -0.0526225  L(-100000 - 100000) // [mm] "c_{#tau}"
    3)  ctau3DErr = 0.0160813  L(-100000 - 100000) // [mm] "#sigma_{c#tau}"
    4)       mass = 3.63955  L(1 - 6) // [GeV/c^{2}] "mass variable"
    5)         pt = 17.9976  L(0 - 100) // [GeV/c] "pt variable"
    6)          y = 0.360892  L(-5 - 5)  "rapidity of the dimuon pair"

********* Starting Mass Dist. Fit **************

 **********
 **    1 **SET PRINT           1
 **********
 **********
 **    2 **SET NOGRAD
 **********
 PARAMETER DEFINITIONS:
    NO.   NAME         VALUE      STEP SIZE      LIMITS
     1 N_Bkg        1.35000e+04  7.50000e+02    0.00000e+00  1.50000e+04
     2 N_Jpsi       9.00000e+03  5.00000e+02    0.00000e+00  1.00000e+04
     3 alpha_1_A    2.05911e+00  1.00000e+00    0.00000e+00  1.00000e+01
     4 m_{J/#Psi}   3.68600e+00  2.00000e-02    3.58600e+00  3.78600e+00
     5 sigma_1_A    4.52169e-02  1.20000e-02    0.00000e+00  1.20000e-01
     6 sl1          1.00000e-02  2.00000e-01   -1.00000e+00  1.00000e+00
     7 sl2          1.00000e-02  2.00000e-01   -1.00000e+00  1.00000e+00
     8 sl3          1.00000e-02  2.00000e-01   -1.00000e+00  1.00000e+00
 **********
 **    3 **SET ERR         0.5
 **********
 **********
 **    4 **SET PRINT           1
 **********
 **********
 **    5 **SET STR           1
 **********
 NOW USING STRATEGY  1: TRY TO BALANCE SPEED AGAINST RELIABILITY
 **********
 **    6 **MIGRAD        4000           1
 **********
 FIRST CALL TO USER FUNCTION AT NEW START POINT, WITH IFLAG=4.
 START MIGRAD MINIMIZATION.  STRATEGY  1.  CONVERGENCE WHEN EDM .LT. 1.00e-03
 FCN=-76833 FROM MIGRAD    STATUS=INITIATE      112 CALLS         113 TOTAL
                     EDM= unknown      STRATEGY= 1      NO ERROR MATRIX       
  EXT PARAMETER               CURRENT GUESS       STEP         FIRST   
  NO.   NAME      VALUE            ERROR          SIZE      DERIVATIVE 
   1  N_Bkg        4.61438e+03   7.50000e+02   0.00000e+00  -1.13335e+02
   2  N_Jpsi       4.41754e+03   5.00000e+02   0.00000e+00   2.30967e+02
   3  alpha_1_A    1.50673e+00   1.00000e+00  -1.44712e-01   1.35690e+01
   4  m_{J/#Psi}   3.68600e+00   2.00000e-02   0.00000e+00   1.04694e+03
   5  sigma_1_A    4.52169e-02   1.20000e-02   0.00000e+00  -5.56427e+01
   6  sl1          1.00000e-02   2.00000e-01   0.00000e+00   2.31994e+01
   7  sl2          1.00000e-02   2.00000e-01   0.00000e+00  -1.66358e+02
   8  sl3          1.00000e-02   2.00000e-01   0.00000e+00   8.94139e+01
                               ERR DEF= 0.5
 MIGRAD MINIMIZATION HAS CONVERGED.
 MIGRAD WILL VERIFY CONVERGENCE AND ERROR MATRIX.
 COVARIANCE MATRIX CALCULATED SUCCESSFULLY
 FCN=-76891.4 FROM MIGRAD    STATUS=CONVERGED     339 CALLS         340 TOTAL
                     EDM=0.000193316    STRATEGY= 1      ERROR MATRIX ACCURATE 
  EXT PARAMETER                                   STEP         FIRST   
  NO.   NAME      VALUE            ERROR          SIZE      DERIVATIVE 
   1  N_Bkg        5.00490e+03   1.05916e+02   2.11416e-03  -1.93988e-01
   2  N_Jpsi       3.89713e+03   1.00589e+02   2.79467e-03   2.14447e-01
   3  alpha_1_A    2.04860e+00   1.08696e-01   3.91926e-03   5.87531e-01
   4  m_{J/#Psi}   3.68024e+00   6.87865e-04   1.29449e-03   8.24012e-01
   5  sigma_1_A    4.77125e-02   1.21006e-03   3.30475e-03  -1.63233e-01
   6  sl1         -9.36666e-02   2.89640e-02   4.73863e-03  -5.27928e-02
   7  sl2          8.33139e-02   3.15295e-02   4.91123e-03   2.97082e-02
   8  sl3         -1.09313e-02   2.58850e-02   3.91361e-03  -1.49076e-01
                               ERR DEF= 0.5
 EXTERNAL ERROR MATRIX.    NDIM=  25    NPAR=  8    ERR DEF=0.5
  1.122e+04 -6.216e+03  5.186e+00  1.252e-03 -4.784e-02 -1.988e-01 -1.600e+00  7.546e-01 
 -6.216e+03  1.012e+04 -5.194e+00 -1.250e-03  4.787e-02  1.993e-01  1.600e+00 -7.552e-01 
  5.186e+00 -5.194e+00  1.182e-02 -5.194e-06  2.444e-06 -4.981e-04 -7.488e-04  9.333e-04 
  1.252e-03 -1.250e-03 -5.194e-06  4.732e-07 -7.699e-08  4.284e-07 -4.609e-07  2.060e-06 
 -4.784e-02  4.787e-02  2.444e-06 -7.699e-08  1.464e-06 -2.211e-07  1.518e-05 -3.468e-06 
 -1.988e-01  1.993e-01 -4.981e-04  4.284e-07 -2.211e-07  8.392e-04 -9.442e-06  3.082e-04 
 -1.600e+00  1.600e+00 -7.488e-04 -4.609e-07  1.518e-05 -9.442e-06  9.944e-04 -1.868e-04 
  7.546e-01 -7.552e-01  9.333e-04  2.060e-06 -3.468e-06  3.082e-04 -1.868e-04  6.702e-04 
 PARAMETER  CORRELATION COEFFICIENTS  
       NO.  GLOBAL      1      2      3      4      5      6      7      8
        1  0.67548   1.000 -0.583  0.450  0.017 -0.373 -0.065 -0.479  0.275
        2  0.70672  -0.583  1.000 -0.475 -0.018  0.393  0.068  0.505 -0.290
        3  0.65076   0.450 -0.475  1.000 -0.069  0.019 -0.158 -0.218  0.332
        4  0.19187   0.017 -0.018 -0.069  1.000 -0.092  0.022 -0.021  0.116
        5  0.54548  -0.373  0.393  0.019 -0.092  1.000 -0.006  0.398 -0.111
        6  0.52604  -0.065  0.068 -0.158  0.022 -0.006  1.000 -0.010  0.411
        7  0.58578  -0.479  0.505 -0.218 -0.021  0.398 -0.010  1.000 -0.229
        8  0.61386   0.275 -0.290  0.332  0.116 -0.111  0.411 -0.229  1.000
Real time 0:00:00, CP time 0.060
Real time 0:00:00, CP time 0.060
 **********
 **    7 **SET ERR         0.5
 **********
 **********
 **    8 **SET PRINT           1
 **********
 **********
 **    9 **HESSE        4000
 **********
 COVARIANCE MATRIX CALCULATED SUCCESSFULLY
 FCN=-76891.4 FROM HESSE     STATUS=OK             61 CALLS         401 TOTAL
                     EDM=0.000192174    STRATEGY= 1      ERROR MATRIX ACCURATE 
  EXT PARAMETER                                INTERNAL      INTERNAL  
  NO.   NAME      VALUE            ERROR       STEP SIZE       VALUE   
   1  N_Bkg        5.00490e+03   1.06260e+02   4.22832e-04  -3.39144e-01
   2  N_Jpsi       3.89713e+03   1.00922e+02   5.58934e-04  -2.22402e-01
   3  alpha_1_A    2.04860e+00   1.08706e-01   1.56770e-04  -6.31407e-01
   4  m_{J/#Psi}   3.68024e+00   6.88024e-04   2.58898e-04  -5.76328e-02
   5  sigma_1_A    4.77125e-02   1.21040e-03   1.32190e-04  -2.06251e-01
   6  sl1         -9.36666e-02   2.89604e-02   9.47726e-04  -9.38041e-02
   7  sl2          8.33139e-02   3.15353e-02   1.96449e-04   8.34106e-02
   8  sl3         -1.09313e-02   2.59217e-02   7.82722e-04  -1.09315e-02
                               ERR DEF= 0.5
 EXTERNAL ERROR MATRIX.    NDIM=  25    NPAR=  8    ERR DEF=0.5
  1.129e+04 -6.288e+03  5.254e+00  1.281e-03 -4.819e-02 -2.010e-01 -1.608e+00  7.671e-01 
 -6.288e+03  1.019e+04 -5.256e+00 -1.281e-03  4.820e-02  2.011e-01  1.608e+00 -7.672e-01 
  5.254e+00 -5.256e+00  1.182e-02 -5.176e-06  2.119e-06 -4.995e-04 -7.533e-04  9.472e-04 
  1.281e-03 -1.281e-03 -5.176e-06  4.734e-07 -7.908e-08  4.291e-07 -4.685e-07  2.060e-06 
 -4.819e-02  4.820e-02  2.119e-06 -7.908e-08  1.465e-06 -2.310e-07  1.523e-05 -3.521e-06 
 -2.010e-01  2.011e-01 -4.995e-04  4.291e-07 -2.310e-07  8.389e-04 -9.622e-06  3.072e-04 
 -1.608e+00  1.608e+00 -7.533e-04 -4.685e-07  1.523e-05 -9.622e-06  9.948e-04 -1.872e-04 
  7.671e-01 -7.672e-01  9.472e-04  2.060e-06 -3.521e-06  3.072e-04 -1.872e-04  6.721e-04 
 PARAMETER  CORRELATION COEFFICIENTS  
       NO.  GLOBAL      1      2      3      4      5      6      7      8
        1  0.67808   1.000 -0.586  0.455  0.018 -0.375 -0.065 -0.480  0.278
        2  0.70905  -0.586  1.000 -0.479 -0.018  0.395  0.069  0.505 -0.293
        3  0.65463   0.455 -0.479  1.000 -0.069  0.016 -0.159 -0.220  0.336
        4  0.19295   0.018 -0.018 -0.069  1.000 -0.095  0.022 -0.022  0.116
        5  0.54697  -0.375  0.395  0.016 -0.095  1.000 -0.007  0.399 -0.112
        6  0.52587  -0.065  0.069 -0.159  0.022 -0.007  1.000 -0.011  0.409
        7  0.58599  -0.480  0.505 -0.220 -0.022  0.399 -0.011  1.000 -0.229
        8  0.61530   0.278 -0.293  0.336  0.116 -0.112  0.409 -0.229  1.000
Real time 0:00:00, CP time 0.010
Real time 0:00:00, CP time 0.070, 2 slices

********* Finished Mass Dist. Fit **************


  RooFitResult: minimized FCN value: -76891.4, estimated distance to minimum: 0.000192174
                covariance matrix quality: Full, accurate covariance matrix
                Status : MINIMIZE=0 HESSE=0 

    Floating Parameter    FinalValue +/-  Error   
  --------------------  --------------------------
                 N_Bkg    5.0049e+03 +/-  1.06e+02
                N_Jpsi    3.8971e+03 +/-  1.01e+02
             alpha_1_A    2.0486e+00 +/-  1.09e-01
            m_{J/#Psi}    3.6802e+00 +/-  6.88e-04
             sigma_1_A    4.7713e-02 +/-  1.21e-03
                   sl1   -9.3667e-02 +/-  2.90e-02
                   sl2    8.3314e-02 +/-  3.15e-02
                   sl3   -1.0931e-02 +/-  2.59e-02

 *** NLL : -76891.4375767188
Info in <TCanvas::Print>: pdf file figs/PRMC/Mass_Fixed_pt15.0-20.0_y0.0-1.6_muPt0.0_PRw_Effw0_Accw0_PtW0_TnP0.pdf has been created

Processing MassFit_FixPar_Data.C(20, 25, 0, 1.6, 1)...

[1mRooFit v3.60 -- Developed by Wouter Verkerke and David Kirkby[0m 
                Copyright (C) 2000-2013 NIKHEF, University of California & Stanford University
                All rights reserved, please read http://roofit.sourceforge.net/license.txt

RooDataSet::dataset[mass,pt,y,pt1,pt2,eta1,eta2,weight,ctau3DRes,ctau3D,ctau3DErr,recoQQsign,NumDimu] = 1015372 entries
pt: 20-25, y: 0-1.6
####################################
******** New Combined Dataset ***********
RooRealVar::mass = 3.678  L(3.3 - 4.1) // [GeV/c^{2}]
DataStore datasetW ( a dataset)
  Contains 2563 entries
  Observables: 
    1)  ctau3DRes = 0.245847  L(-100000 - 100000)  "c_{#tau}"
    2)     ctau3D = 0.00280659  L(-100000 - 100000) // [mm] "c_{#tau}"
    3)  ctau3DErr = 0.011416  L(-100000 - 100000) // [mm] "#sigma_{c#tau}"
    4)       mass = 3.79902  L(1 - 6) // [GeV/c^{2}] "mass variable"
    5)         pt = 24.0954  L(0 - 100) // [GeV/c] "pt variable"
    6)          y = 0.33459  L(-5 - 5)  "rapidity of the dimuon pair"

********* Starting Mass Dist. Fit **************

 **********
 **    1 **SET PRINT           1
 **********
 **********
 **    2 **SET NOGRAD
 **********
 PARAMETER DEFINITIONS:
    NO.   NAME         VALUE      STEP SIZE      LIMITS
     1 N_Bkg        4.50000e+03  2.50000e+02    0.00000e+00  5.00000e+03
     2 N_Jpsi       4.50000e+03  2.50000e+02    0.00000e+00  5.00000e+03
     3 alpha_1_A    2.00000e+00  1.00000e+00    0.00000e+00  1.00000e+01
     4 m_{J/#Psi}   3.68600e+00  2.00000e-02    3.58600e+00  3.78600e+00
     5 sigma_1_A    6.00000e-02  1.20000e-02    0.00000e+00  1.20000e-01
     6 sl1          1.00000e-02  2.00000e-01   -1.00000e+00  1.00000e+00
     7 sl2          8.00000e-02  2.00000e-01   -1.00000e+00  1.00000e+00
