
Processing MassFit_FixPar_Data.C(6.5, 9, 0, 1.6, 1)...

[1mRooFit v3.60 -- Developed by Wouter Verkerke and David Kirkby[0m 
                Copyright (C) 2000-2013 NIKHEF, University of California & Stanford University
                All rights reserved, please read http://roofit.sourceforge.net/license.txt

RooDataSet::dataset[mass,pt,y,pt1,pt2,eta1,eta2,weight,ctau3DRes,ctau3D,ctau3DErr,recoQQsign,NumDimu] = 1015372 entries
pt: 6.5-9, y: 0-1.6
####################################
******** New Combined Dataset ***********
RooRealVar::mass = 3.678  L(3.3 - 4.1) // [GeV/c^{2}]
DataStore datasetW ( a dataset)
  Contains 74396 entries
  Observables: 
    1)  ctau3DRes = 0.320432  L(-100000 - 100000)  "c_{#tau}"
    2)     ctau3D = 0.00851424  L(-100000 - 100000) // [mm] "c_{#tau}"
    3)  ctau3DErr = 0.0265711  L(-100000 - 100000) // [mm] "#sigma_{c#tau}"
    4)       mass = 3.64761  L(1 - 6) // [GeV/c^{2}] "mass variable"
    5)         pt = 8.1638  L(0 - 100) // [GeV/c] "pt variable"
    6)          y = -1.3321  L(-5 - 5)  "rapidity of the dimuon pair"

********* Starting Mass Dist. Fit **************

 **********
 **    1 **SET PRINT           1
 **********
 **********
 **    2 **SET NOGRAD
 **********
 PARAMETER DEFINITIONS:
    NO.   NAME         VALUE      STEP SIZE      LIMITS
     1 N_Bkg        2.50000e+05  5.00000e+04    0.00000e+00  5.00000e+05
     2 N_Jpsi       5.00000e+04  1.00000e+04    0.00000e+00  1.00000e+05
     3 f            4.51457e-01  1.00000e-01    0.00000e+00  1.00000e+00
     4 m_{J/#Psi}   3.68600e+00  2.00000e-02    3.58600e+00  3.78600e+00
     5 sigma_1_A    4.85658e-02  1.20000e-02    0.00000e+00  1.20000e-01
     6 sl1          1.10000e-01  2.00000e-01   -1.00000e+00  1.00000e+00
     7 sl2          2.40000e-01  2.00000e-01   -1.00000e+00  1.00000e+00
     8 sl3          1.40000e-01  2.00000e-01   -1.00000e+00  1.00000e+00
 **********
 **    3 **SET ERR         0.5
 **********
 **********
 **    4 **SET PRINT           1
 **********
 **********
 **    5 **SET STR           1
 **********
 NOW USING STRATEGY  1: TRY TO BALANCE SPEED AGAINST RELIABILITY
 **********
 **    6 **MIGRAD        4000           1
 **********
 FIRST CALL TO USER FUNCTION AT NEW START POINT, WITH IFLAG=4.
 START MIGRAD MINIMIZATION.  STRATEGY  1.  CONVERGENCE WHEN EDM .LT. 1.00e-03
 FCN=-663568 FROM MIGRAD    STATUS=INITIATE       32 CALLS          33 TOTAL
                     EDM= unknown      STRATEGY= 1      NO ERROR MATRIX       
  EXT PARAMETER               CURRENT GUESS       STEP         FIRST   
  NO.   NAME      VALUE            ERROR          SIZE      DERIVATIVE 
   1  N_Bkg        2.50000e+05   5.00000e+04   2.01358e-01   1.93404e+05
   2  N_Jpsi       5.00000e+04   1.00000e+04   2.01358e-01   3.21962e+04
   3  f            4.51457e-01   1.00000e-01   2.02368e-01   5.75650e+02
   4  m_{J/#Psi}   3.68600e+00   2.00000e-02   2.01358e-01   2.23813e+03
   5  sigma_1_A    4.85658e-02   1.20000e-02   2.05340e-01   2.30471e+03
   6  sl1          1.10000e-01   2.00000e-01   2.02657e-01  -2.16253e+02
   7  sl2          2.40000e-01   2.00000e-01   2.07794e-01   9.28544e+03
   8  sl3          1.40000e-01   2.00000e-01   2.03476e-01   1.58446e+03
                               ERR DEF= 0.5
 MIGRAD MINIMIZATION HAS CONVERGED.
 MIGRAD WILL VERIFY CONVERGENCE AND ERROR MATRIX.
 COVARIANCE MATRIX CALCULATED SUCCESSFULLY
 FCN=-789096 FROM MIGRAD    STATUS=CONVERGED     315 CALLS         316 TOTAL
                     EDM=1.89831e-05    STRATEGY= 1      ERROR MATRIX ACCURATE 
  EXT PARAMETER                                   STEP         FIRST   
  NO.   NAME      VALUE            ERROR          SIZE      DERIVATIVE 
   1  N_Bkg        5.10813e+04   3.07113e+02   9.95363e-04  -6.74306e-01
   2  N_Jpsi       2.33144e+04   2.58093e+02   2.72120e-03  -1.41938e-01
   3  f            4.63129e-01   2.86591e-02   1.69632e-02  -2.00959e-02
   4  m_{J/#Psi}   3.68092e+00   3.47163e-04   2.08791e-03   9.75834e-02
   5  sigma_1_A    4.92995e-02   1.06131e-03   4.96469e-03   1.67853e-01
   6  sl1          5.05906e-02   8.86574e-03   4.75367e-03   4.05195e-02
   7  sl2          9.54963e-03   9.87170e-03   4.95439e-03   2.70349e-02
   8  sl3          6.23896e-03   7.67456e-03   4.01469e-03   5.21999e-02
                               ERR DEF= 0.5
 EXTERNAL ERROR MATRIX.    NDIM=  25    NPAR=  8    ERR DEF=0.5
  9.432e+04 -4.325e+04  7.262e-02  5.422e-03 -8.890e-02 -7.926e-02 -1.345e+00  2.656e-01 
 -4.325e+04  6.661e+04 -7.317e-02 -5.428e-03  8.903e-02  7.937e-02  1.345e+00 -2.657e-01 
  7.262e-02 -7.317e-02  8.223e-04  1.892e-08 -2.507e-05 -5.894e-07  2.655e-07 -1.028e-06 
  5.422e-03 -5.428e-03  1.892e-08  1.205e-07 -1.785e-08  2.291e-08 -1.067e-07  4.640e-07 
 -8.890e-02  8.903e-02 -2.507e-05 -1.785e-08  1.127e-06  2.023e-07  2.583e-06 -4.291e-07 
 -7.926e-02  7.937e-02 -5.894e-07  2.291e-08  2.023e-07  7.860e-05  3.209e-06  3.198e-05 
 -1.345e+00  1.345e+00  2.655e-07 -1.067e-07  2.583e-06  3.209e-06  9.745e-05 -6.547e-06 
  2.656e-01 -2.657e-01 -1.028e-06  4.640e-07 -4.291e-07  3.198e-05 -6.547e-06  5.890e-05 
 PARAMETER  CORRELATION COEFFICIENTS  
       NO.  GLOBAL      1      2      3      4      5      6      7      8
        1  0.59988   1.000 -0.546  0.008  0.051 -0.273 -0.029 -0.444  0.113
        2  0.68690  -0.546  1.000 -0.010 -0.061  0.325  0.035  0.528 -0.134
        3  0.87682   0.008 -0.010  1.000  0.002 -0.824 -0.002  0.001 -0.005
        4  0.20282   0.051 -0.061  0.002  1.000 -0.048  0.007 -0.031  0.174
        5  0.89294  -0.273  0.325 -0.824 -0.048  1.000  0.022  0.247 -0.053
        6  0.48772  -0.029  0.035 -0.002  0.007  0.022  1.000  0.037  0.470
        7  0.57503  -0.444  0.528  0.001 -0.031  0.247  0.037  1.000 -0.086
        8  0.52230   0.113 -0.134 -0.005  0.174 -0.053  0.470 -0.086  1.000
Real time 0:00:00, CP time 0.050
Real time 0:00:00, CP time 0.050
 **********
 **    7 **SET ERR         0.5
 **********
 **********
 **    8 **SET PRINT           1
 **********
 **********
 **    9 **HESSE        4000
 **********
 COVARIANCE MATRIX CALCULATED SUCCESSFULLY
 FCN=-789096 FROM HESSE     STATUS=OK             61 CALLS         377 TOTAL
                     EDM=1.97371e-05    STRATEGY= 1      ERROR MATRIX ACCURATE 
  EXT PARAMETER                                INTERNAL      INTERNAL  
  NO.   NAME      VALUE            ERROR       STEP SIZE       VALUE   
   1  N_Bkg        5.10813e+04   3.07874e+02   3.98145e-05  -9.20121e-01
   2  N_Jpsi       2.33144e+04   2.58885e+02   1.08848e-04  -5.62983e-01
   3  f            4.63129e-01   2.91348e-02   6.78528e-04  -7.38082e-02
   4  m_{J/#Psi}   3.68092e+00   3.47372e-04   8.35165e-05  -5.08206e-02
   5  sigma_1_A    4.92995e-02   1.08124e-03   1.98587e-04  -1.79300e-01
   6  sl1          5.05906e-02   8.86617e-03   1.90147e-04   5.06122e-02
   7  sl2          9.54963e-03   9.88337e-03   1.98176e-04   9.54978e-03
   8  sl3          6.23896e-03   7.67666e-03   1.60588e-04   6.23900e-03
                               ERR DEF= 0.5
 EXTERNAL ERROR MATRIX.    NDIM=  25    NPAR=  8    ERR DEF=0.5
  9.479e+04 -4.371e+04  1.322e-01  5.640e-03 -9.203e-02 -7.822e-02 -1.355e+00  2.688e-01 
 -4.371e+04  6.702e+04 -1.322e-01 -5.640e-03  9.203e-02  7.822e-02  1.355e+00 -2.688e-01 
  1.322e-01 -1.322e-01  8.498e-04  5.632e-08 -2.614e-05 -6.815e-07 -1.476e-06 -5.633e-07 
  5.640e-03 -5.640e-03  5.632e-08  1.207e-07 -2.023e-08  2.298e-08 -1.113e-07  4.658e-07 
 -9.203e-02  9.203e-02 -2.614e-05 -2.023e-08  1.169e-06  2.023e-07  2.666e-06 -4.559e-07 
 -7.822e-02  7.822e-02 -6.815e-07  2.298e-08  2.023e-07  7.861e-05  3.176e-06  3.200e-05 
 -1.355e+00  1.355e+00 -1.476e-06 -1.113e-07  2.666e-06  3.176e-06  9.768e-05 -6.526e-06 
  2.688e-01 -2.688e-01 -5.633e-07  4.658e-07 -4.559e-07  3.200e-05 -6.526e-06  5.893e-05 
 PARAMETER  CORRELATION COEFFICIENTS  
       NO.  GLOBAL      1      2      3      4      5      6      7      8
        1  0.60251   1.000 -0.548  0.015  0.053 -0.276 -0.029 -0.445  0.114
        2  0.68925  -0.548  1.000 -0.018 -0.063  0.329  0.034  0.530 -0.135
        3  0.88110   0.015 -0.018  1.000  0.006 -0.829 -0.003 -0.005 -0.003
        4  0.20503   0.053 -0.063  0.006  1.000 -0.054  0.007 -0.032  0.175
        5  0.89698  -0.276  0.329 -0.829 -0.054  1.000  0.021  0.250 -0.055
        6  0.48780  -0.029  0.034 -0.003  0.007  0.021  1.000  0.036  0.470
        7  0.57641  -0.445  0.530 -0.005 -0.032  0.250  0.036  1.000 -0.086
        8  0.52268   0.114 -0.135 -0.003  0.175 -0.055  0.470 -0.086  1.000
Real time 0:00:00, CP time 0.010
Real time 0:00:00, CP time 0.060, 2 slices

********* Finished Mass Dist. Fit **************


  RooFitResult: minimized FCN value: -789096, estimated distance to minimum: 1.97371e-05
                covariance matrix quality: Full, accurate covariance matrix
                Status : MINIMIZE=0 HESSE=0 

    Floating Parameter    FinalValue +/-  Error   
  --------------------  --------------------------
                 N_Bkg    5.1081e+04 +/-  3.08e+02
                N_Jpsi    2.3314e+04 +/-  2.59e+02
                     f    4.6313e-01 +/-  2.91e-02
            m_{J/#Psi}    3.6809e+00 +/-  3.47e-04
             sigma_1_A    4.9300e-02 +/-  1.08e-03
                   sl1    5.0591e-02 +/-  8.87e-03
                   sl2    9.5496e-03 +/-  9.88e-03
                   sl3    6.2390e-03 +/-  7.68e-03

 *** NLL : -789095.596027644
Info in <TCanvas::Print>: pdf file figs/PRMC/Mass_Fixed_pt6.5-9.0_y0.0-1.6_muPt0.0_PRw_Effw0_Accw0_PtW0_TnP0.pdf has been created

Processing MassFit_FixPar_Data.C(9, 12, 0, 1.6, 1)...

[1mRooFit v3.60 -- Developed by Wouter Verkerke and David Kirkby[0m 
                Copyright (C) 2000-2013 NIKHEF, University of California & Stanford University
                All rights reserved, please read http://roofit.sourceforge.net/license.txt

RooDataSet::dataset[mass,pt,y,pt1,pt2,eta1,eta2,weight,ctau3DRes,ctau3D,ctau3DErr,recoQQsign,NumDimu] = 1015372 entries
pt: 9-12, y: 0-1.6
####################################
******** New Combined Dataset ***********
RooRealVar::mass = 3.678  L(3.3 - 4.1) // [GeV/c^{2}]
DataStore datasetW ( a dataset)
  Contains 42654 entries
  Observables: 
    1)  ctau3DRes = -1.87597  L(-100000 - 100000)  "c_{#tau}"
    2)     ctau3D = -0.046247  L(-100000 - 100000) // [mm] "c_{#tau}"
    3)  ctau3DErr = 0.0246523  L(-100000 - 100000) // [mm] "#sigma_{c#tau}"
    4)       mass = 3.36566  L(1 - 6) // [GeV/c^{2}] "mass variable"
    5)         pt = 10.3321  L(0 - 100) // [GeV/c] "pt variable"
    6)          y = 0.832614  L(-5 - 5)  "rapidity of the dimuon pair"

********* Starting Mass Dist. Fit **************

 **********
 **    1 **SET PRINT           1
 **********
 **********
 **    2 **SET NOGRAD
 **********
 PARAMETER DEFINITIONS:
    NO.   NAME         VALUE      STEP SIZE      LIMITS
     1 N_Bkg        1.00000e+06  2.00000e+05    0.00000e+00  2.00000e+06
     2 N_Jpsi       2.50000e+05  5.00000e+04    0.00000e+00  5.00000e+05
     3 f            4.22546e-01  1.00000e-01    0.00000e+00  1.00000e+00
     4 m_{J/#Psi}   3.68600e+00  2.00000e-02    3.58600e+00  3.78600e+00
     5 sigma_1_A    4.60129e-02  1.20000e-02    0.00000e+00  1.20000e-01
     6 sl1          1.10000e-01  2.00000e-01   -1.00000e+00  1.00000e+00
     7 sl2          2.40000e-01  2.00000e-01   -1.00000e+00  1.00000e+00
     8 sl3          1.40000e-01  2.00000e-01   -1.00000e+00  1.00000e+00
 **********
 **    3 **SET ERR         0.5
 **********
 **********
 **    4 **SET PRINT           1
 **********
 **********
 **    5 **SET STR           1
 **********
 NOW USING STRATEGY  1: TRY TO BALANCE SPEED AGAINST RELIABILITY
 **********
 **    6 **MIGRAD        4000           1
 **********
 FIRST CALL TO USER FUNCTION AT NEW START POINT, WITH IFLAG=4.
 START MIGRAD MINIMIZATION.  STRATEGY  1.  CONVERGENCE WHEN EDM .LT. 1.00e-03
 FCN=632362 FROM MIGRAD    STATUS=INITIATE       32 CALLS          33 TOTAL
                     EDM= unknown      STRATEGY= 1      NO ERROR MATRIX       
  EXT PARAMETER               CURRENT GUESS       STEP         FIRST   
  NO.   NAME      VALUE            ERROR          SIZE      DERIVATIVE 
   1  N_Bkg        1.00000e+06   2.00000e+05   2.01358e-01   9.70871e+05
   2  N_Jpsi       2.50000e+05   5.00000e+04   2.01358e-01   2.36463e+05
   3  f            4.22546e-01   1.00000e-01   2.03961e-01   5.75728e+02
   4  m_{J/#Psi}   3.68600e+00   2.00000e-02   2.01358e-01   3.19511e+03
   5  sigma_1_A    4.60129e-02   1.20000e-02   2.07413e-01   2.21341e+03
   6  sl1          1.10000e-01   2.00000e-01   2.02657e-01   8.57911e+02
   7  sl2          2.40000e-01   2.00000e-01   2.07794e-01   5.94762e+03
   8  sl3          1.40000e-01   2.00000e-01   2.03476e-01  -3.93825e+02
                               ERR DEF= 0.5
[#0] WARNING:Minization -- RooMinimizerFcn: Minimized function has error status.
Returning maximum FCN so far (1.66251e+06) to force MIGRAD to back out of this region. Error log follows
Parameter values: N_Bkg=8895.65, N_Jpsi=4746.97, f=0.00858214, m_{J/#Psi}=3.62052, sigma_1_A=0.0982037, sl1=-0.635817, sl2=-0.998764, sl3=-0.7824
PID3687572/RooRealMPFE::nll_pdfMASS_Tot_dsAB_5f6d29b25f00_MPFE27[ arg=nll_pdfMASS_Tot_dsAB_GOF27 vars=(N_Bkg,N_Jpsi,alpha_1_A,f,m_{J/#Psi},n_1_A,sigma_1_A,sl1,sl2,sl3,x_A) ]
     p.d.f value is less than zero (-1.354238), forcing value to zero @ x=mass=4.09784, coefList=(sl1 = -0.635817,sl2 = -0.998764,sl3 = -0.7824)
     p.d.f value is less than zero (-1.349063), forcing value to zero @ x=mass=4.09766, coefList=(sl1 = -0.635817,sl2 = -0.998764,sl3 = -0.7824)
     p.d.f value is less than zero (-0.698314), forcing value to zero @ x=mass=4.07372, coefList=(sl1 = -0.635817,sl2 = -0.998764,sl3 = -0.7824)
     p.d.f value is less than zero (-0.945812), forcing value to zero @ x=mass=4.08317, coefList=(sl1 = -0.635817,sl2 = -0.998764,sl3 = -0.7824)
     p.d.f value is less than zero (-0.603373), forcing value to zero @ x=mass=4.06996, coefList=(sl1 = -0.635817,sl2 = -0.998764,sl3 = -0.7824)
     p.d.f value is less than zero (-1.211333), forcing value to zero @ x=mass=4.09283, coefList=(sl1 = -0.635817,sl2 = -0.998764,sl3 = -0.7824)
     p.d.f value is less than zero (-0.417285), forcing value to zero @ x=mass=4.06238, coefList=(sl1 = -0.635817,sl2 = -0.998764,sl3 = -0.7824)
     p.d.f value is less than zero (-1.062592), forcing value to zero @ x=mass=4.08748, coefList=(sl1 = -0.635817,sl2 = -0.998764,sl3 = -0.7824)
     p.d.f value is less than zero (-0.591103), forcing value to zero @ x=mass=4.06947, coefList=(sl1 = -0.635817,sl2 = -0.998764,sl3 = -0.7824)
     p.d.f value is less than zero (-0.077421), forcing value to zero @ x=mass=4.04765, coefList=(sl1 = -0.635817,sl2 = -0.998764,sl3 = -0.7824)
     p.d.f value is less than zero (-1.374996), forcing value to zero @ x=mass=4.09856, coefList=(sl1 = -0.635817,sl2 = -0.998764,sl3 = -0.7824)
     p.d.f value is less than zero (-0.114504), forcing value to zero @ x=mass=4.04932, coefList=(sl1 = -0.635817,sl2 = -0.998764,sl3 = -0.7824)
    ... (remaining 1684 messages suppressed)

[#0] WARNING:Minization -- RooMinimizerFcn: Minimized function has error status.
Returning maximum FCN so far (1.66251e+06) to force MIGRAD to back out of this region. Error log follows
Parameter values: N_Bkg=24996, N_Jpsi=16424.4, f=0.0183821, m_{J/#Psi}=3.63938, sigma_1_A=0.000867594, sl1=-0.42854, sl2=-0.883101, sl3=-0.522368
PID3687572/RooRealMPFE::nll_pdfMASS_Tot_dsAB_5f6d29b25f00_MPFE27[ arg=nll_pdfMASS_Tot_dsAB_GOF27 vars=(N_Bkg,N_Jpsi,alpha_1_A,f,m_{J/#Psi},n_1_A,sigma_1_A,sl1,sl2,sl3,x_A) ]
     function value is NAN @ paramSet=(N_Bkg = 24996,N_Jpsi = 16424.4,alpha_1_A = 1.99094,f = 0.0183821,m_{J/#Psi} = 3.63938,n_1_A = 1.49597,sigma_1_A = 0.000867594,sl1 = -0.42854,sl2 = -0.883101,sl3 = -0.522368,x_A = 0.527151)
     function value is NAN @ paramSet=(N_Bkg = 24996,N_Jpsi = 16424.4,alpha_1_A = 1.99094,f = 0.0183821,m_{J/#Psi} = 3.63938,n_1_A = 1.49597,sigma_1_A = 0.000867594,sl1 = -0.42854,sl2 = -0.883101,sl3 = -0.522368,x_A = 0.527151)
     function value is NAN @ paramSet=(N_Bkg = 24996,N_Jpsi = 16424.4,alpha_1_A = 1.99094,f = 0.0183821,m_{J/#Psi} = 3.63938,n_1_A = 1.49597,sigma_1_A = 0.000867594,sl1 = -0.42854,sl2 = -0.883101,sl3 = -0.522368,x_A = 0.527151)
     function value is NAN @ paramSet=(N_Bkg = 24996,N_Jpsi = 16424.4,alpha_1_A = 1.99094,f = 0.0183821,m_{J/#Psi} = 3.63938,n_1_A = 1.49597,sigma_1_A = 0.000867594,sl1 = -0.42854,sl2 = -0.883101,sl3 = -0.522368,x_A = 0.527151)
     function value is NAN @ paramSet=(N_Bkg = 24996,N_Jpsi = 16424.4,alpha_1_A = 1.99094,f = 0.0183821,m_{J/#Psi} = 3.63938,n_1_A = 1.49597,sigma_1_A = 0.000867594,sl1 = -0.42854,sl2 = -0.883101,sl3 = -0.522368,x_A = 0.527151)
     function value is NAN @ paramSet=(N_Bkg = 24996,N_Jpsi = 16424.4,alpha_1_A = 1.99094,f = 0.0183821,m_{J/#Psi} = 3.63938,n_1_A = 1.49597,sigma_1_A = 0.000867594,sl1 = -0.42854,sl2 = -0.883101,sl3 = -0.522368,x_A = 0.527151)
     function value is NAN @ paramSet=(N_Bkg = 24996,N_Jpsi = 16424.4,alpha_1_A = 1.99094,f = 0.0183821,m_{J/#Psi} = 3.63938,n_1_A = 1.49597,sigma_1_A = 0.000867594,sl1 = -0.42854,sl2 = -0.883101,sl3 = -0.522368,x_A = 0.527151)
     function value is NAN @ paramSet=(N_Bkg = 24996,N_Jpsi = 16424.4,alpha_1_A = 1.99094,f = 0.0183821,m_{J/#Psi} = 3.63938,n_1_A = 1.49597,sigma_1_A = 0.000867594,sl1 = -0.42854,sl2 = -0.883101,sl3 = -0.522368,x_A = 0.527151)
     function value is NAN @ paramSet=(N_Bkg = 24996,N_Jpsi = 16424.4,alpha_1_A = 1.99094,f = 0.0183821,m_{J/#Psi} = 3.63938,n_1_A = 1.49597,sigma_1_A = 0.000867594,sl1 = -0.42854,sl2 = -0.883101,sl3 = -0.522368,x_A = 0.527151)
     function value is NAN @ paramSet=(N_Bkg = 24996,N_Jpsi = 16424.4,alpha_1_A = 1.99094,f = 0.0183821,m_{J/#Psi} = 3.63938,n_1_A = 1.49597,sigma_1_A = 0.000867594,sl1 = -0.42854,sl2 = -0.883101,sl3 = -0.522368,x_A = 0.527151)
     function value is NAN @ paramSet=(N_Bkg = 24996,N_Jpsi = 16424.4,alpha_1_A = 1.99094,f = 0.0183821,m_{J/#Psi} = 3.63938,n_1_A = 1.49597,sigma_1_A = 0.000867594,sl1 = -0.42854,sl2 = -0.883101,sl3 = -0.522368,x_A = 0.527151)
     function value is NAN @ paramSet=(N_Bkg = 24996,N_Jpsi = 16424.4,alpha_1_A = 1.99094,f = 0.0183821,m_{J/#Psi} = 3.63938,n_1_A = 1.49597,sigma_1_A = 0.000867594,sl1 = -0.42854,sl2 = -0.883101,sl3 = -0.522368,x_A = 0.527151)
    ... (remaining 74 messages suppressed)
RooNLLVar::nll_pdfMASS_Tot_dsAB[ paramSet=(N_Bkg,N_Jpsi,alpha_1_A,f,m_{J/#Psi},n_1_A,sigma_1_A,sl1,sl2,sl3,x_A) ]
     function value is NAN @ paramSet=(N_Bkg = 24996,N_Jpsi = 16424.4,alpha_1_A = 1.99094,f = 0.0183821,m_{J/#Psi} = 3.63938,n_1_A = 1.49597,sigma_1_A = 0.000867594,sl1 = -0.42854,sl2 = -0.883101,sl3 = -0.522368,x_A = 0.527151)
RooAddition::nll_pdfMASS_Tot_dsAB_with_constr[ nll_pdfMASS_Tot_dsAB + nll_pdfMASS_Tot_dsAB_constr ]
     function value is NAN @ !set=(nll_pdfMASS_Tot_dsAB = -nan,nll_pdfMASS_Tot_dsAB_constr = 74.6409)

[#0] WARNING:Minization -- RooMinimizerFcn: Minimized function has error status.
Returning maximum FCN so far (1.66251e+06) to force MIGRAD to back out of this region. Error log follows
Parameter values: N_Bkg=36054.5, N_Jpsi=24796.7, f=0.938606, m_{J/#Psi}=3.64979, sigma_1_A=0.0489704, sl1=-0.314359, sl2=-0.726619, sl3=-0.366444
PID3687572/RooRealMPFE::nll_pdfMASS_Tot_dsAB_5f6d29b25f00_MPFE27[ arg=nll_pdfMASS_Tot_dsAB_GOF27 vars=(N_Bkg,N_Jpsi,alpha_1_A,f,m_{J/#Psi},n_1_A,sigma_1_A,sl1,sl2,sl3,x_A) ]
     p.d.f value is less than zero (-0.372366), forcing value to zero @ x=mass=4.09784, coefList=(sl1 = -0.314359,sl2 = -0.726619,sl3 = -0.366444)
     p.d.f value is less than zero (-0.369473), forcing value to zero @ x=mass=4.09766, coefList=(sl1 = -0.314359,sl2 = -0.726619,sl3 = -0.366444)
     p.d.f value is less than zero (-0.003946), forcing value to zero @ x=mass=4.07372, coefList=(sl1 = -0.314359,sl2 = -0.726619,sl3 = -0.366444)
     p.d.f value is less than zero (-0.143404), forcing value to zero @ x=mass=4.08317, coefList=(sl1 = -0.314359,sl2 = -0.726619,sl3 = -0.366444)
     p.d.f value is less than zero (-0.292409), forcing value to zero @ x=mass=4.09283, coefList=(sl1 = -0.314359,sl2 = -0.726619,sl3 = -0.366444)
     p.d.f value is less than zero (-0.209012), forcing value to zero @ x=mass=4.08748, coefList=(sl1 = -0.314359,sl2 = -0.726619,sl3 = -0.366444)
     p.d.f value is less than zero (-0.383967), forcing value to zero @ x=mass=4.09856, coefList=(sl1 = -0.314359,sl2 = -0.726619,sl3 = -0.366444)
     p.d.f value is less than zero (-0.174144), forcing value to zero @ x=mass=4.0852, coefList=(sl1 = -0.314359,sl2 = -0.726619,sl3 = -0.366444)
     p.d.f value is less than zero (-0.267696), forcing value to zero @ x=mass=4.09126, coefList=(sl1 = -0.314359,sl2 = -0.726619,sl3 = -0.366444)
     p.d.f value is less than zero (-0.309505), forcing value to zero @ x=mass=4.09391, coefList=(sl1 = -0.314359,sl2 = -0.726619,sl3 = -0.366444)
     p.d.f value is less than zero (-0.008915), forcing value to zero @ x=mass=4.07406, coefList=(sl1 = -0.314359,sl2 = -0.726619,sl3 = -0.366444)
     p.d.f value is less than zero (-0.206731), forcing value to zero @ x=mass=4.08733, coefList=(sl1 = -0.314359,sl2 = -0.726619,sl3 = -0.366444)
    ... (remaining 750 messages suppressed)

[#0] WARNING:Minization -- RooMinimizerFcn: Minimized function has error status.
Returning maximum FCN so far (1.66251e+06) to force MIGRAD to back out of this region. Error log follows
Parameter values: N_Bkg=42326.6, N_Jpsi=29591.9, f=0.788543, m_{J/#Psi}=3.65519, sigma_1_A=0.0846271, sl1=-0.255373, sl2=-0.627911, sl3=-0.284
PID3687572/RooRealMPFE::nll_pdfMASS_Tot_dsAB_5f6d29b25f00_MPFE27[ arg=nll_pdfMASS_Tot_dsAB_GOF27 vars=(N_Bkg,N_Jpsi,alpha_1_A,f,m_{J/#Psi},n_1_A,sigma_1_A,sl1,sl2,sl3,x_A) ]
     p.d.f value is less than zero (-0.138655), forcing value to zero @ x=mass=4.09784, coefList=(sl1 = -0.255373,sl2 = -0.627911,sl3 = -0.284)
     p.d.f value is less than zero (-0.136293), forcing value to zero @ x=mass=4.09766, coefList=(sl1 = -0.255373,sl2 = -0.627911,sl3 = -0.284)
     p.d.f value is less than zero (-0.073333), forcing value to zero @ x=mass=4.09283, coefList=(sl1 = -0.255373,sl2 = -0.627911,sl3 = -0.284)
     p.d.f value is less than zero (-0.005162), forcing value to zero @ x=mass=4.08748, coefList=(sl1 = -0.255373,sl2 = -0.627911,sl3 = -0.284)
     p.d.f value is less than zero (-0.148130), forcing value to zero @ x=mass=4.09856, coefList=(sl1 = -0.255373,sl2 = -0.627911,sl3 = -0.284)
     p.d.f value is less than zero (-0.053136), forcing value to zero @ x=mass=4.09126, coefList=(sl1 = -0.255373,sl2 = -0.627911,sl3 = -0.284)
     p.d.f value is less than zero (-0.087303), forcing value to zero @ x=mass=4.09391, coefList=(sl1 = -0.255373,sl2 = -0.627911,sl3 = -0.284)
     p.d.f value is less than zero (-0.003296), forcing value to zero @ x=mass=4.08733, coefList=(sl1 = -0.255373,sl2 = -0.627911,sl3 = -0.284)
     p.d.f value is less than zero (-0.043216), forcing value to zero @ x=mass=4.09048, coefList=(sl1 = -0.255373,sl2 = -0.627911,sl3 = -0.284)
     p.d.f value is less than zero (-0.049537), forcing value to zero @ x=mass=4.09097, coefList=(sl1 = -0.255373,sl2 = -0.627911,sl3 = -0.284)
     p.d.f value is less than zero (-0.151606), forcing value to zero @ x=mass=4.09882, coefList=(sl1 = -0.255373,sl2 = -0.627911,sl3 = -0.284)
     p.d.f value is less than zero (-0.047855), forcing value to zero @ x=mass=4.09084, coefList=(sl1 = -0.255373,sl2 = -0.627911,sl3 = -0.284)
    ... (remaining 377 messages suppressed)

[#0] WARNING:Minization -- RooMinimizerFcn: Minimized function has error status.
Returning maximum FCN so far (1.66251e+06) to force MIGRAD to back out of this region. Error log follows
Parameter values: N_Bkg=45646.9, N_Jpsi=32138.2, f=0.443596, m_{J/#Psi}=3.65792, sigma_1_A=0.0998717, sl1=-0.225504, sl2=-0.574182, sl3=-0.241928
PID3687572/RooRealMPFE::nll_pdfMASS_Tot_dsAB_5f6d29b25f00_MPFE27[ arg=nll_pdfMASS_Tot_dsAB_GOF27 vars=(N_Bkg,N_Jpsi,alpha_1_A,f,m_{J/#Psi},n_1_A,sigma_1_A,sl1,sl2,sl3,x_A) ]
     p.d.f value is less than zero (-0.016337), forcing value to zero @ x=mass=4.09784, coefList=(sl1 = -0.225504,sl2 = -0.574182,sl3 = -0.241928)
     p.d.f value is less than zero (-0.014251), forcing value to zero @ x=mass=4.09766, coefList=(sl1 = -0.225504,sl2 = -0.574182,sl3 = -0.241928)
     p.d.f value is less than zero (-0.024703), forcing value to zero @ x=mass=4.09856, coefList=(sl1 = -0.225504,sl2 = -0.574182,sl3 = -0.241928)
     p.d.f value is less than zero (-0.027772), forcing value to zero @ x=mass=4.09882, coefList=(sl1 = -0.225504,sl2 = -0.574182,sl3 = -0.241928)
     p.d.f value is less than zero (-0.022671), forcing value to zero @ x=mass=4.09838, coefList=(sl1 = -0.225504,sl2 = -0.574182,sl3 = -0.241928)
     p.d.f value is less than zero (-0.018952), forcing value to zero @ x=mass=4.09806, coefList=(sl1 = -0.225504,sl2 = -0.574182,sl3 = -0.241928)
     p.d.f value is less than zero (-0.037740), forcing value to zero @ x=mass=4.09967, coefList=(sl1 = -0.225504,sl2 = -0.574182,sl3 = -0.241928)
     p.d.f value is less than zero (-0.020230), forcing value to zero @ x=mass=4.09817, coefList=(sl1 = -0.225504,sl2 = -0.574182,sl3 = -0.241928)
     p.d.f value is less than zero (-0.006509), forcing value to zero @ x=mass=4.09699, coefList=(sl1 = -0.225504,sl2 = -0.574182,sl3 = -0.241928)
     p.d.f value is less than zero (-0.008234), forcing value to zero @ x=mass=4.09714, coefList=(sl1 = -0.225504,sl2 = -0.574182,sl3 = -0.241928)
     p.d.f value is less than zero (-0.012161), forcing value to zero @ x=mass=4.09748, coefList=(sl1 = -0.225504,sl2 = -0.574182,sl3 = -0.241928)
     p.d.f value is less than zero (-0.001967), forcing value to zero @ x=mass=4.0966, coefList=(sl1 = -0.225504,sl2 = -0.574182,sl3 = -0.241928)
    ... (remaining 88 messages suppressed)

 MIGRAD MINIMIZATION HAS CONVERGED.
 FCN=-434758 FROM MIGRAD    STATUS=CONVERGED     474 CALLS         475 TOTAL
                     EDM=5.1485e-05    STRATEGY= 1  ERROR MATRIX UNCERTAINTY   4.5 per cent
  EXT PARAMETER                                   STEP         FIRST   
  NO.   NAME      VALUE            ERROR          SIZE      DERIVATIVE 
   1  N_Bkg        2.44645e+04   2.09262e+02  -1.97538e-05  -2.47129e+00
   2  N_Jpsi       1.81895e+04   1.97643e+02  -1.15979e-05   1.66503e+00
   3  f            4.45890e-01   3.24418e-02  -1.47246e-03  -7.05932e-02
   4  m_{J/#Psi}   3.68055e+00   3.26517e-04  -1.02556e-04   3.30486e-01
   5  sigma_1_A    4.72679e-02   1.18026e-03  -5.10196e-04   1.32823e-01
   6  sl1         -3.62727e-02   1.27716e-02   8.19586e-04  -6.85181e-01
   7  sl2          1.02807e-02   1.40976e-02   2.60421e-04   1.18075e-01
   8  sl3          1.41183e-02   1.11430e-02   6.95344e-04   4.43858e-01
                               ERR DEF= 0.5
 EXTERNAL ERROR MATRIX.    NDIM=  25    NPAR=  8    ERR DEF=0.5
  4.379e+04 -2.050e+04  8.928e-01  2.096e-03  7.032e-02 -4.844e-02 -1.263e+00  3.262e-01 
 -2.050e+04  3.906e+04 -8.036e-01 -2.293e-03 -7.106e-02  3.485e-02  1.300e+00 -3.445e-01 
  8.928e-01 -8.036e-01  1.054e-03 -1.105e-07  3.333e-05  1.018e-05 -3.008e-05  1.399e-05 
  2.096e-03 -2.293e-03 -1.105e-07  1.066e-07  1.931e-08 -2.348e-08 -1.571e-07  4.921e-07 
  7.032e-02 -7.106e-02  3.333e-05  1.931e-08  1.393e-06 -2.618e-08 -3.917e-06  1.006e-06 
 -4.844e-02  3.485e-02  1.018e-05 -2.348e-08 -2.618e-08  1.631e-04 -2.930e-07  6.805e-05 
 -1.263e+00  1.300e+00 -3.008e-05 -1.571e-07 -3.917e-06 -2.930e-07  1.988e-04 -2.215e-05 
  3.262e-01 -3.445e-01  1.399e-05  4.921e-07  1.006e-06  6.805e-05 -2.215e-05  1.242e-04 
 PARAMETER  CORRELATION COEFFICIENTS  
       NO.  GLOBAL      1      2      3      4      5      6      7      8
        1  0.56359   1.000 -0.496  0.131  0.031  0.285 -0.018 -0.428  0.140
        2  0.60393  -0.496  1.000 -0.125 -0.036 -0.305  0.014  0.466 -0.156
        3  0.88922   0.131 -0.125  1.000 -0.010  0.870  0.025 -0.066  0.039
        4  0.19155   0.031 -0.036 -0.010  1.000  0.050 -0.006 -0.034  0.135
        5  0.90111   0.285 -0.305  0.870  0.050  1.000 -0.002 -0.235  0.077
        6  0.49598  -0.018  0.014  0.025 -0.006 -0.002  1.000 -0.002  0.478
        7  0.54303  -0.428  0.466 -0.066 -0.034 -0.235 -0.002  1.000 -0.141
        8  0.53039   0.140 -0.156  0.039  0.135  0.077  0.478 -0.141  1.000
Real time 0:00:00, CP time 0.080
Real time 0:00:00, CP time 0.080
 **********
 **    7 **SET ERR         0.5
 **********
 **********
 **    8 **SET PRINT           1
 **********
 **********
 **    9 **HESSE        4000
 **********
 COVARIANCE MATRIX CALCULATED SUCCESSFULLY
 FCN=-434758 FROM HESSE     STATUS=OK             67 CALLS         542 TOTAL
                     EDM=0.000102274    STRATEGY= 1      ERROR MATRIX ACCURATE 
  EXT PARAMETER                                INTERNAL      INTERNAL  
  NO.   NAME      VALUE            ERROR       STEP SIZE       VALUE   
   1  N_Bkg        2.44645e+04   2.12341e+02   3.58254e-04  -2.01987e+01
   2  N_Jpsi       1.81895e+04   1.97038e+02   7.55079e-04  -1.37533e+01
   3  f            4.45890e-01   3.06427e-02   1.19961e-02   6.17475e+00
   4  m_{J/#Psi}   3.68055e+00   3.30330e-04   1.47857e-03  -5.45477e-02
   5  sigma_1_A    4.72679e-02   1.17898e-03   3.69147e-03   3.35542e+00
   6  sl1         -3.62727e-02   1.28282e-02   5.10975e-03  -3.62806e-02
   7  sl2          1.02807e-02   1.42156e-02   5.39493e-03   1.02808e-02
   8  sl3          1.41183e-02   1.11811e-02   4.33398e-03   1.41187e-02
                               ERR DEF= 0.5
 EXTERNAL ERROR MATRIX.    NDIM=  25    NPAR=  8    ERR DEF=0.5
  4.509e+04 -2.062e+04  3.719e-01  4.539e-03  6.718e-02 -3.045e-02 -1.324e+00  3.370e-01 
 -2.062e+04  3.882e+04 -3.727e-01 -4.542e-03 -6.724e-02  3.054e-02  1.324e+00 -3.371e-01 
  3.719e-01 -3.727e-01  9.402e-04  1.826e-07  3.154e-05 -1.627e-06 -1.913e-05  2.273e-06 
  4.539e-03 -4.542e-03  1.826e-07  1.091e-07  2.608e-08  2.766e-08 -2.041e-07  5.691e-07 
  6.718e-02 -6.724e-02  3.154e-05  2.608e-08  1.390e-06 -1.702e-07 -4.035e-06  8.635e-07 
 -3.045e-02  3.054e-02 -1.627e-06  2.766e-08 -1.702e-07  1.646e-04 -1.157e-06  6.759e-05 
 -1.324e+00  1.324e+00 -1.913e-05 -2.041e-07 -4.035e-06 -1.157e-06  2.021e-04 -2.229e-05 
  3.370e-01 -3.371e-01  2.273e-06  5.691e-07  8.635e-07  6.759e-05 -2.229e-05  1.250e-04 
 PARAMETER  CORRELATION COEFFICIENTS  
       NO.  GLOBAL      1      2      3      4      5      6      7      8
        1  0.58000   1.000 -0.493  0.057  0.065  0.268 -0.011 -0.439  0.142
        2  0.61581  -0.493  1.000 -0.062 -0.070 -0.289  0.012  0.473 -0.153
        3  0.90417   0.057 -0.062  1.000  0.018  0.872 -0.004 -0.044  0.007
        4  0.19108   0.065 -0.070  0.018  1.000  0.067  0.007 -0.043  0.154
        5  0.91508   0.268 -0.289  0.872  0.067  1.000 -0.011 -0.241  0.066
        6  0.48542  -0.011  0.012 -0.004  0.007 -0.011  1.000 -0.006  0.471
        7  0.55269  -0.439  0.473 -0.044 -0.043 -0.241 -0.006  1.000 -0.140
        8  0.52491   0.142 -0.153  0.007  0.154  0.066  0.471 -0.140  1.000
Real time 0:00:00, CP time 0.010
Real time 0:00:00, CP time 0.090, 2 slices

********* Finished Mass Dist. Fit **************


  RooFitResult: minimized FCN value: -434758, estimated distance to minimum: 0.000102274
                covariance matrix quality: Full, accurate covariance matrix
                Status : MINIMIZE=0 HESSE=0 

    Floating Parameter    FinalValue +/-  Error   
  --------------------  --------------------------
                 N_Bkg    2.4465e+04 +/-  2.12e+02
                N_Jpsi    1.8190e+04 +/-  1.97e+02
                     f    4.4589e-01 +/-  3.06e-02
            m_{J/#Psi}    3.6805e+00 +/-  3.30e-04
             sigma_1_A    4.7268e-02 +/-  1.18e-03
                   sl1   -3.6273e-02 +/-  1.28e-02
                   sl2    1.0281e-02 +/-  1.42e-02
                   sl3    1.4118e-02 +/-  1.12e-02

 *** NLL : -434757.753263789
Info in <TCanvas::Print>: pdf file figs/PRMC/Mass_Fixed_pt9.0-12.0_y0.0-1.6_muPt0.0_PRw_Effw0_Accw0_PtW0_TnP0.pdf has been created

Processing MassFit_FixPar_Data.C(12, 15, 0, 1.6, 1)...

[1mRooFit v3.60 -- Developed by Wouter Verkerke and David Kirkby[0m 
                Copyright (C) 2000-2013 NIKHEF, University of California & Stanford University
                All rights reserved, please read http://roofit.sourceforge.net/license.txt

RooDataSet::dataset[mass,pt,y,pt1,pt2,eta1,eta2,weight,ctau3DRes,ctau3D,ctau3DErr,recoQQsign,NumDimu] = 1015372 entries
pt: 12-15, y: 0-1.6
####################################
******** New Combined Dataset ***********
RooRealVar::mass = 3.678  L(3.3 - 4.1) // [GeV/c^{2}]
DataStore datasetW ( a dataset)
  Contains 16096 entries
  Observables: 
    1)  ctau3DRes = -0.620317  L(-100000 - 100000)  "c_{#tau}"
    2)     ctau3D = -0.0120909  L(-100000 - 100000) // [mm] "c_{#tau}"
    3)  ctau3DErr = 0.0194914  L(-100000 - 100000) // [mm] "#sigma_{c#tau}"
    4)       mass = 3.71879  L(1 - 6) // [GeV/c^{2}] "mass variable"
    5)         pt = 12.9825  L(0 - 100) // [GeV/c] "pt variable"
    6)          y = 0.351429  L(-5 - 5)  "rapidity of the dimuon pair"

********* Starting Mass Dist. Fit **************

 **********
 **    1 **SET PRINT           1
 **********
 **********
 **    2 **SET NOGRAD
 **********
 PARAMETER DEFINITIONS:
    NO.   NAME         VALUE      STEP SIZE      LIMITS
     1 N_Bkg        1.00000e+05  2.00000e+04    0.00000e+00  2.00000e+05
     2 N_Jpsi       1.00000e+04  2.00000e+03    0.00000e+00  2.00000e+04
     3 f            4.05879e-01  1.00000e-01    0.00000e+00  1.00000e+00
     4 m_{J/#Psi}   3.68600e+00  2.00000e-02    3.58600e+00  3.78600e+00
     5 sigma_1_A    4.51614e-02  1.20000e-02    0.00000e+00  1.20000e-01
     6 sl1          1.10000e-01  2.00000e-01   -1.00000e+00  1.00000e+00
     7 sl2          2.40000e-01  2.00000e-01   -1.00000e+00  1.00000e+00
     8 sl3          1.40000e-01  2.00000e-01   -1.00000e+00  1.00000e+00
 **********
 **    3 **SET ERR         0.5
 **********
 **********
 **    4 **SET PRINT           1
 **********
 **********
 **    5 **SET STR           1
 **********
 NOW USING STRATEGY  1: TRY TO BALANCE SPEED AGAINST RELIABILITY
 **********
 **    6 **MIGRAD        4000           1
 **********
 FIRST CALL TO USER FUNCTION AT NEW START POINT, WITH IFLAG=4.
 START MIGRAD MINIMIZATION.  STRATEGY  1.  CONVERGENCE WHEN EDM .LT. 1.00e-03
 FCN=-82301.8 FROM MIGRAD    STATUS=INITIATE       32 CALLS          33 TOTAL
                     EDM= unknown      STRATEGY= 1      NO ERROR MATRIX       
  EXT PARAMETER               CURRENT GUESS       STEP         FIRST   
  NO.   NAME      VALUE            ERROR          SIZE      DERIVATIVE 
   1  N_Bkg        1.00000e+05   2.00000e+04   2.01358e-01   8.73778e+04
   2  N_Jpsi       1.00000e+04   2.00000e+03   2.01358e-01   6.52599e+03
   3  f            4.05879e-01   1.00000e-01   2.05241e-01   2.97479e+02
   4  m_{J/#Psi}   3.68600e+00   2.00000e-02   2.01358e-01   5.62681e+02
   5  sigma_1_A    4.51614e-02   1.20000e-02   2.08214e-01   1.11896e+03
   6  sl1          1.10000e-01   2.00000e-01   2.02657e-01   5.49177e+02
   7  sl2          2.40000e-01   2.00000e-01   2.07794e-01   3.84906e+03
   8  sl3          1.40000e-01   2.00000e-01   2.03476e-01  -5.08822e+02
                               ERR DEF= 0.5
[#0] WARNING:Minization -- RooMinimizerFcn: Minimized function has error status.
Returning maximum FCN so far (-4430.82) to force MIGRAD to back out of this region. Error log follows
Parameter values: N_Bkg=196811, N_Jpsi=10752.7, f=0.0700036, m_{J/#Psi}=3.66829, sigma_1_A=0.117227, sl1=-0.843258, sl2=-0.0235896, sl3=0.595883
PID3687659/RooRealMPFE::nll_pdfMASS_Tot_dsAB_62b1a7574150_MPFE27[ arg=nll_pdfMASS_Tot_dsAB_GOF27 vars=(N_Bkg,N_Jpsi,alpha_1_A,f,m_{J/#Psi},n_1_A,sigma_1_A,sl1,sl2,sl3,x_A) ]
     p.d.f value is less than zero (-0.053751), forcing value to zero @ x=mass=3.95747, coefList=(sl1 = -0.843258,sl2 = -0.0235896,sl3 = 0.595883)
     p.d.f value is less than zero (-0.052114), forcing value to zero @ x=mass=3.95968, coefList=(sl1 = -0.843258,sl2 = -0.0235896,sl3 = 0.595883)
     p.d.f value is less than zero (-0.028925), forcing value to zero @ x=mass=3.91184, coefList=(sl1 = -0.843258,sl2 = -0.0235896,sl3 = 0.595883)
     p.d.f value is less than zero (-0.045591), forcing value to zero @ x=mass=3.9237, coefList=(sl1 = -0.843258,sl2 = -0.0235896,sl3 = 0.595883)
     p.d.f value is less than zero (-0.054226), forcing value to zero @ x=mass=3.95675, coefList=(sl1 = -0.843258,sl2 = -0.0235896,sl3 = 0.595883)
     p.d.f value is less than zero (-0.029753), forcing value to zero @ x=mass=3.91234, coefList=(sl1 = -0.843258,sl2 = -0.0235896,sl3 = 0.595883)
     p.d.f value is less than zero (-0.036639), forcing value to zero @ x=mass=3.97274, coefList=(sl1 = -0.843258,sl2 = -0.0235896,sl3 = 0.595883)
     p.d.f value is less than zero (-0.053798), forcing value to zero @ x=mass=3.9574, coefList=(sl1 = -0.843258,sl2 = -0.0235896,sl3 = 0.595883)
     p.d.f value is less than zero (-0.011883), forcing value to zero @ x=mass=3.98537, coefList=(sl1 = -0.843258,sl2 = -0.0235896,sl3 = 0.595883)
     p.d.f value is less than zero (-0.027409), forcing value to zero @ x=mass=3.91095, coefList=(sl1 = -0.843258,sl2 = -0.0235896,sl3 = 0.595883)
     p.d.f value is less than zero (-0.010060), forcing value to zero @ x=mass=3.90199, coefList=(sl1 = -0.843258,sl2 = -0.0235896,sl3 = 0.595883)
     p.d.f value is less than zero (-0.057844), forcing value to zero @ x=mass=3.94498, coefList=(sl1 = -0.843258,sl2 = -0.0235896,sl3 = 0.595883)
    ... (remaining 1001 messages suppressed)

[#0] WARNING:Minization -- RooMinimizerFcn: Minimized function has error status.
Returning maximum FCN so far (-4430.82) to force MIGRAD to back out of this region. Error log follows
Parameter values: N_Bkg=127501, N_Jpsi=1128.44, f=0.96717, m_{J/#Psi}=3.67563, sigma_1_A=0.0533819, sl1=-0.513571, sl2=-0.989207, sl3=0.417693
PID3687659/RooRealMPFE::nll_pdfMASS_Tot_dsAB_62b1a7574150_MPFE27[ arg=nll_pdfMASS_Tot_dsAB_GOF27 vars=(N_Bkg,N_Jpsi,alpha_1_A,f,m_{J/#Psi},n_1_A,sigma_1_A,sl1,sl2,sl3,x_A) ]
     p.d.f value is less than zero (-0.062482), forcing value to zero @ x=mass=4.08864, coefList=(sl1 = -0.513571,sl2 = -0.989207,sl3 = 0.417693)
     p.d.f value is less than zero (-0.038818), forcing value to zero @ x=mass=4.07868, coefList=(sl1 = -0.513571,sl2 = -0.989207,sl3 = 0.417693)
     p.d.f value is less than zero (-0.022720), forcing value to zero @ x=mass=4.07262, coefList=(sl1 = -0.513571,sl2 = -0.989207,sl3 = 0.417693)
     p.d.f value is less than zero (-0.072936), forcing value to zero @ x=mass=4.0936, coefList=(sl1 = -0.513571,sl2 = -0.989207,sl3 = 0.417693)
     p.d.f value is less than zero (-0.074106), forcing value to zero @ x=mass=4.09418, coefList=(sl1 = -0.513571,sl2 = -0.989207,sl3 = 0.417693)
     p.d.f value is less than zero (-0.019127), forcing value to zero @ x=mass=4.07132, coefList=(sl1 = -0.513571,sl2 = -0.989207,sl3 = 0.417693)
     p.d.f value is less than zero (-0.072968), forcing value to zero @ x=mass=4.09362, coefList=(sl1 = -0.513571,sl2 = -0.989207,sl3 = 0.417693)
     p.d.f value is less than zero (-0.065247), forcing value to zero @ x=mass=4.08991, coefList=(sl1 = -0.513571,sl2 = -0.989207,sl3 = 0.417693)
     p.d.f value is less than zero (-0.016353), forcing value to zero @ x=mass=4.07034, coefList=(sl1 = -0.513571,sl2 = -0.989207,sl3 = 0.417693)
     p.d.f value is less than zero (-0.032056), forcing value to zero @ x=mass=4.07608, coefList=(sl1 = -0.513571,sl2 = -0.989207,sl3 = 0.417693)
     p.d.f value is less than zero (-0.044875), forcing value to zero @ x=mass=4.0811, coefList=(sl1 = -0.513571,sl2 = -0.989207,sl3 = 0.417693)
     p.d.f value is less than zero (-0.083779), forcing value to zero @ x=mass=4.09927, coefList=(sl1 = -0.513571,sl2 = -0.989207,sl3 = 0.417693)
    ... (remaining 347 messages suppressed)

[#0] WARNING:Minization -- RooMinimizerFcn: Minimized function has error status.
