
Processing MassFit_FixPar_Data.C(6.5, 9, 0, 1.6, 1)...

[1mRooFit v3.60 -- Developed by Wouter Verkerke and David Kirkby[0m 
                Copyright (C) 2000-2013 NIKHEF, University of California & Stanford University
                All rights reserved, please read http://roofit.sourceforge.net/license.txt

RooDataSet::dataset[mass,pt,y,pt1,pt2,eta1,eta2,weight,ctau3DRes,ctau3D,ctau3DErr,recoQQsign,NumDimu] = 1015372 entries
pt: 6.5-9, y: 0-1.6
####################################
******** New Combined Dataset ***********
RooRealVar::mass = 3.678  L(3.3 - 4.1) // [GeV/c^{2}]
DataStore datasetW ( a dataset)
  Contains 131663 entries
  Observables: 
    1)  ctau3DRes = 1.04049  L(-100000 - 100000)  "c_{#tau}"
    2)     ctau3D = 0.0727877  L(-100000 - 100000) // [mm] "c_{#tau}"
    3)  ctau3DErr = 0.0699553  L(-100000 - 100000) // [mm] "#sigma_{c#tau}"
    4)       mass = 3.91174  L(1 - 6) // [GeV/c^{2}] "mass variable"
    5)         pt = 7.61877  L(0 - 100) // [GeV/c] "pt variable"
    6)          y = -1.17747  L(-5 - 5)  "rapidity of the dimuon pair"

********* Starting Mass Dist. Fit **************

 **********
 **    1 **SET PRINT           1
 **********
 **********
 **    2 **SET NOGRAD
 **********
 PARAMETER DEFINITIONS:
    NO.   NAME         VALUE      STEP SIZE      LIMITS
     1 N_Bkg        3.60000e+05  2.00000e+04    0.00000e+00  4.00000e+05
     2 N_Jpsi       5.40000e+04  3.00000e+03    0.00000e+00  6.00000e+04
     3 m_{J/#Psi}   3.68600e+00  2.00000e-02    3.58600e+00  3.78600e+00
     4 n_1_A        1.36164e+00  6.80821e-01    0.00000e+00  1.00000e+01
     5 sigma_1_A    4.85658e-02  1.20000e-02    0.00000e+00  1.20000e-01
     6 sl1          1.00000e-02  2.00000e-01   -1.00000e+00  1.00000e+00
     7 sl2          1.00000e-02  2.00000e-01   -1.00000e+00  1.00000e+00
     8 sl3          1.00000e-02  2.00000e-01   -1.00000e+00  1.00000e+00
 **********
 **    3 **SET ERR         0.5
 **********
 **********
 **    4 **SET PRINT           1
 **********
 **********
 **    5 **SET STR           1
 **********
 NOW USING STRATEGY  1: TRY TO BALANCE SPEED AGAINST RELIABILITY
 **********
 **    6 **MINIMIZE        4000           1
 **********
 FIRST CALL TO USER FUNCTION AT NEW START POINT, WITH IFLAG=4.
 START MIGRAD MINIMIZATION.  STRATEGY  1.  CONVERGENCE WHEN EDM .LT. 1.00e-03
 FCN=-1.46552e+06 FROM MIGRAD    STATUS=INITIATE       94 CALLS          95 TOTAL
                     EDM= unknown      STRATEGY= 1      NO ERROR MATRIX       
  EXT PARAMETER               CURRENT GUESS       STEP         FIRST   
  NO.   NAME      VALUE            ERROR          SIZE      DERIVATIVE 
   1  N_Bkg        1.25245e+05   2.00000e+04   0.00000e+00   3.78556e+04
   2  N_Jpsi       3.26454e+04   3.00000e+03  -8.39002e-01   6.12001e+02
   3  m_{J/#Psi}   3.68600e+00   2.00000e-02   0.00000e+00   5.22192e+03
   4  n_1_A        1.36164e+00   6.80821e-01   0.00000e+00  -4.83399e+02
   5  sigma_1_A    4.85658e-02   1.20000e-02   0.00000e+00   2.62271e+03
   6  sl1          1.00000e-02   2.00000e-01   0.00000e+00   6.28609e+03
   7  sl2          1.00000e-02   2.00000e-01   0.00000e+00   2.70933e+03
   8  sl3          1.00000e-02   2.00000e-01   0.00000e+00  -4.55140e+03
                               ERR DEF= 0.5
 MIGRAD MINIMIZATION HAS CONVERGED.
 FCN=-1.46968e+06 FROM MIGRAD    STATUS=CONVERGED     276 CALLS         277 TOTAL
                     EDM=3.22258e-05    STRATEGY= 1  ERROR MATRIX UNCERTAINTY   2.7 per cent
  EXT PARAMETER                                   STEP         FIRST   
  NO.   NAME      VALUE            ERROR          SIZE      DERIVATIVE 
   1  N_Bkg        9.21650e+04   4.50299e+02  -3.90895e-06   3.72469e-01
   2  N_Jpsi       3.94983e+04   3.66502e+02   2.65967e-05  -2.14762e-01
   3  m_{J/#Psi}   3.68188e+00   2.78927e-04  -1.23736e-05   1.44794e+00
   4  n_1_A        1.34610e+00   1.37729e-01   7.05991e-05  -1.37766e-01
   5  sigma_1_A    5.09144e-02   4.67858e-04   1.18481e-05   1.44392e-01
   6  sl1         -1.76084e-01   6.52907e-03  -1.16143e-05  -8.84458e-02
   7  sl2          6.13206e-02   7.26977e-03   1.79598e-05  -8.78483e-02
   8  sl3         -3.68674e-03   5.86212e-03  -2.32944e-05   7.27990e-01
                               ERR DEF= 0.5
 EXTERNAL ERROR MATRIX.    NDIM=  25    NPAR=  8    ERR DEF=0.5
  2.028e+05 -1.000e+05  1.114e-02  2.615e+01 -8.317e-02  5.941e-02 -1.330e+00  7.154e-01 
 -1.000e+05  1.343e+05 -8.952e-03 -2.435e+01  7.978e-02 -3.095e-02  1.312e+00 -7.323e-01 
  1.114e-02 -8.952e-03  7.780e-08  1.247e-06 -1.404e-08  1.806e-09 -1.031e-07  2.813e-07 
  2.615e+01 -2.435e+01  1.247e-06  1.898e-02  1.892e-06 -1.977e-04 -4.948e-05  2.140e-04 
 -8.317e-02  7.978e-02 -1.404e-08  1.892e-06  2.189e-07 -1.835e-07  1.460e-06 -3.755e-07 
  5.941e-02 -3.095e-02  1.806e-09 -1.977e-04 -1.835e-07  4.263e-05 -4.470e-06  1.489e-05 
 -1.330e+00  1.312e+00 -1.031e-07 -4.948e-05  1.460e-06 -4.470e-06  5.285e-05 -9.811e-06 
  7.154e-01 -7.323e-01  2.813e-07  2.140e-04 -3.755e-07  1.489e-05 -9.811e-06  3.436e-05 
 PARAMETER  CORRELATION COEFFICIENTS  
       NO.  GLOBAL      1      2      3      4      5      6      7      8
        1  0.66655   1.000 -0.606  0.089  0.422 -0.395  0.020 -0.406  0.271
        2  0.76623  -0.606  1.000 -0.088 -0.482  0.465 -0.013  0.492 -0.341
        3  0.21193   0.089 -0.088  1.000  0.032 -0.108  0.001 -0.051  0.172
        4  0.68187   0.422 -0.482  0.032  1.000  0.029 -0.220 -0.049  0.265
        5  0.59986  -0.395  0.465 -0.108  0.029  1.000 -0.060  0.429 -0.137
        6  0.52162   0.020 -0.013  0.001 -0.220 -0.060  1.000 -0.094  0.389
        7  0.58641  -0.406  0.492 -0.051 -0.049  0.429 -0.094  1.000 -0.230
        8  0.58457   0.271 -0.341  0.172  0.265 -0.137  0.389 -0.230  1.000
Real time 0:00:01, CP time 0.030
Real time 0:00:01, CP time 0.030
 **********
 **    7 **SET ERR         0.5
 **********
 **********
 **    8 **SET PRINT           1
 **********
 **********
 **    9 **HESSE        4000
 **********
 COVARIANCE MATRIX CALCULATED SUCCESSFULLY
 FCN=-1.46968e+06 FROM HESSE     STATUS=OK             75 CALLS         352 TOTAL
                     EDM=0.000524144    STRATEGY= 1      ERROR MATRIX ACCURATE 
  EXT PARAMETER                                INTERNAL      INTERNAL  
  NO.   NAME      VALUE            ERROR       STEP SIZE       VALUE   
   1  N_Bkg        9.21650e+04   4.69984e+02   1.63632e-03  -5.69457e-01
   2  N_Jpsi       3.94983e+04   4.10491e+02   7.24859e-03   3.22154e-01
   3  m_{J/#Psi}   3.68188e+00   2.77102e-04   2.27030e-03  -4.12338e-02
   4  n_1_A        1.34610e+00   1.40557e-01   2.47784e-02  -8.19465e-01
   5  sigma_1_A    5.09144e-02   4.87299e-04   5.40423e-03  -1.52012e-01
   6  sl1         -1.76084e-01   6.82486e-03   4.83223e-03  -1.77007e-01
   7  sl2          6.13206e-02   7.39213e-03   4.90597e-03   6.13591e-02
   8  sl3         -3.68674e-03   5.92972e-03   3.97453e-03  -3.68675e-03
                               ERR DEF= 0.5
 EXTERNAL ERROR MATRIX.    NDIM=  25    NPAR=  8    ERR DEF=0.5
  2.209e+05 -1.288e+05  7.470e-03  3.093e+01 -1.019e-01 -3.034e-01 -1.586e+00  7.185e-01 
 -1.288e+05  1.685e+05 -7.476e-03 -3.100e+01  1.020e-01  3.043e-01  1.586e+00 -7.192e-01 
  7.470e-03 -7.476e-03  7.679e-08  7.104e-07 -1.101e-08  1.914e-08 -7.992e-08  2.940e-07 
  3.093e+01 -3.100e+01  7.104e-07  1.977e-02 -3.506e-06 -2.484e-04 -1.138e-04  2.164e-04 
 -1.019e-01  1.020e-01 -1.101e-08 -3.506e-06  2.375e-07 -3.421e-08  1.642e-06 -4.275e-07 
 -3.034e-01  3.043e-01  1.914e-08 -2.484e-04 -3.421e-08  4.658e-05 -2.859e-06  1.605e-05 
 -1.586e+00  1.586e+00 -7.992e-08 -1.138e-04  1.642e-06 -2.859e-06  5.464e-05 -1.022e-05 
  7.185e-01 -7.192e-01  2.940e-07  2.164e-04 -4.275e-07  1.605e-05 -1.022e-05  3.516e-05 
 PARAMETER  CORRELATION COEFFICIENTS  
       NO.  GLOBAL      1      2      3      4      5      6      7      8
        1  0.71362   1.000 -0.668  0.057  0.468 -0.445 -0.095 -0.457  0.258
        2  0.79981  -0.668  1.000 -0.066 -0.537  0.510  0.109  0.523 -0.295
        3  0.20925   0.057 -0.066  1.000  0.018 -0.082  0.010 -0.039  0.179
        4  0.69532   0.468 -0.537  0.018  1.000 -0.051 -0.259 -0.109  0.260
        5  0.61863  -0.445  0.510 -0.082 -0.051  1.000 -0.010  0.456 -0.148
        6  0.55393  -0.095  0.109  0.010 -0.259 -0.010  1.000 -0.057  0.397
        7  0.61144  -0.457  0.523 -0.039 -0.109  0.456 -0.057  1.000 -0.233
        8  0.59912   0.258 -0.295  0.179  0.260 -0.148  0.397 -0.233  1.000
Real time 0:00:00, CP time 0.000
Real time 0:00:01, CP time 0.030, 2 slices

********* Finished Mass Dist. Fit **************


  RooFitResult: minimized FCN value: -1.46968e+06, estimated distance to minimum: 0.000524144
                covariance matrix quality: Full, accurate covariance matrix
                Status : MINIMIZE=0 HESSE=0 

    Floating Parameter    FinalValue +/-  Error   
  --------------------  --------------------------
                 N_Bkg    9.2165e+04 +/-  4.70e+02
                N_Jpsi    3.9498e+04 +/-  4.10e+02
            m_{J/#Psi}    3.6819e+00 +/-  2.77e-04
                 n_1_A    1.3461e+00 +/-  1.41e-01
             sigma_1_A    5.0914e-02 +/-  4.87e-04
                   sl1   -1.7608e-01 +/-  6.82e-03
                   sl2    6.1321e-02 +/-  7.39e-03
                   sl3   -3.6867e-03 +/-  5.93e-03

 *** NLL : -1469675.30719898
Info in <TCanvas::Print>: pdf file figs/PRMC/Mass_Fixed_pt6.5-9.0_y0.0-1.6_muPt0.0_PRw_Effw0_Accw0_PtW0_TnP0.pdf has been created

Processing MassFit_FixPar_Data.C(9, 12, 0, 1.6, 1)...

[1mRooFit v3.60 -- Developed by Wouter Verkerke and David Kirkby[0m 
                Copyright (C) 2000-2013 NIKHEF, University of California & Stanford University
                All rights reserved, please read http://roofit.sourceforge.net/license.txt

RooDataSet::dataset[mass,pt,y,pt1,pt2,eta1,eta2,weight,ctau3DRes,ctau3D,ctau3DErr,recoQQsign,NumDimu] = 1015372 entries
pt: 9-12, y: 0-1.6
####################################
******** New Combined Dataset ***********
RooRealVar::mass = 3.678  L(3.3 - 4.1) // [GeV/c^{2}]
DataStore datasetW ( a dataset)
  Contains 86854 entries
  Observables: 
    1)  ctau3DRes = -1.87597  L(-100000 - 100000)  "c_{#tau}"
    2)     ctau3D = -0.046247  L(-100000 - 100000) // [mm] "c_{#tau}"
    3)  ctau3DErr = 0.0246523  L(-100000 - 100000) // [mm] "#sigma_{c#tau}"
    4)       mass = 3.36566  L(1 - 6) // [GeV/c^{2}] "mass variable"
    5)         pt = 10.3321  L(0 - 100) // [GeV/c] "pt variable"
    6)          y = 0.832614  L(-5 - 5)  "rapidity of the dimuon pair"

********* Starting Mass Dist. Fit **************

 **********
 **    1 **SET PRINT           1
 **********
 **********
 **    2 **SET NOGRAD
 **********
 PARAMETER DEFINITIONS:
    NO.   NAME         VALUE      STEP SIZE      LIMITS
     1 N_Bkg        9.00000e+04  5.00000e+03    0.00000e+00  1.00000e+05
     2 N_Jpsi       3.60000e+04  2.00000e+03    0.00000e+00  4.00000e+04
     3 m_{J/#Psi}   3.68600e+00  2.00000e-02    3.58600e+00  3.78600e+00
     4 n_1_A        1.49597e+00  7.47987e-01    0.00000e+00  1.00000e+01
     5 sigma_1_A    4.60129e-02  1.20000e-02    0.00000e+00  1.20000e-01
     6 sl1          1.00000e-02  2.00000e-01   -1.00000e+00  1.00000e+00
     7 sl2          1.00000e-02  2.00000e-01   -1.00000e+00  1.00000e+00
     8 sl3          1.00000e-02  2.00000e-01   -1.00000e+00  1.00000e+00
 **********
 **    3 **SET ERR         0.5
 **********
 **********
 **    4 **SET PRINT           1
 **********
 **********
 **    5 **SET STR           1
 **********
 NOW USING STRATEGY  1: TRY TO BALANCE SPEED AGAINST RELIABILITY
 **********
 **    6 **MINIMIZE        4000           1
 **********
 FIRST CALL TO USER FUNCTION AT NEW START POINT, WITH IFLAG=4.
 START MIGRAD MINIMIZATION.  STRATEGY  1.  CONVERGENCE WHEN EDM .LT. 1.00e-03
 FCN=-942644 FROM MIGRAD    STATUS=INITIATE       93 CALLS          94 TOTAL
                     EDM= unknown      STRATEGY= 1      NO ERROR MATRIX       
  EXT PARAMETER               CURRENT GUESS       STEP         FIRST   
  NO.   NAME      VALUE            ERROR          SIZE      DERIVATIVE 
   1  N_Bkg        5.12329e+04   5.00000e+03   0.00000e+00   2.15789e+03
   2  N_Jpsi       3.60000e+04   2.00000e+03   0.00000e+00  -6.11242e+02
   3  m_{J/#Psi}   3.68600e+00   2.00000e-02   0.00000e+00   6.82956e+03
   4  n_1_A        2.66759e-01   7.47987e-01  -4.66146e-01   5.95354e+02
   5  sigma_1_A    4.60129e-02   1.20000e-02   0.00000e+00   4.94543e+02
   6  sl1          1.00000e-02   2.00000e-01   0.00000e+00   4.06937e+03
   7  sl2          1.00000e-02   2.00000e-01   0.00000e+00   1.46190e+02
   8  sl3          1.00000e-02   2.00000e-01   0.00000e+00  -1.80251e+03
                               ERR DEF= 0.5
 MIGRAD MINIMIZATION HAS CONVERGED.
 MIGRAD WILL VERIFY CONVERGENCE AND ERROR MATRIX.
 COVARIANCE MATRIX CALCULATED SUCCESSFULLY
 FCN=-943529 FROM MIGRAD    STATUS=CONVERGED     546 CALLS         547 TOTAL
                     EDM=0.000500667    STRATEGY= 1      ERROR MATRIX ACCURATE 
  EXT PARAMETER                                   STEP         FIRST   
  NO.   NAME      VALUE            ERROR          SIZE      DERIVATIVE 
   1  N_Bkg        5.31490e+04   3.68238e+02   3.40021e-03  -4.53848e-01
   2  N_Jpsi       3.37048e+04   3.40715e+02   9.85746e-03   1.38302e-01
   3  m_{J/#Psi}   3.68201e+00   2.51324e-04   1.65442e-03  -3.20889e-01
   4  n_1_A        1.42705e+00   1.48519e-01   1.95621e-02   4.83313e-01
   5  sigma_1_A    4.87548e-02   4.48350e-04   4.17771e-03  -1.71350e-02
   6  sl1         -3.97572e-01   8.66997e-03   5.25698e-03  -1.63558e-01
   7  sl2          9.83270e-02   9.61375e-03   5.07485e-03   4.71759e-01
   8  sl3         -8.88745e-03   7.95164e-03   4.06597e-03   1.35959e+00
                               ERR DEF= 0.5
 EXTERNAL ERROR MATRIX.    NDIM=  25    NPAR=  8    ERR DEF=0.5
  1.356e+05 -8.235e+04  5.644e-03  2.940e+01 -6.561e-02 -1.445e-01 -1.634e+00  9.953e-01 
 -8.235e+04  1.161e+05 -5.637e-03 -2.941e+01  6.553e-02  1.451e-01  1.631e+00 -9.944e-01 
  5.644e-03 -5.637e-03  6.316e-08 -1.722e-08 -1.242e-08  4.497e-08 -1.322e-07  3.009e-07 
  2.940e+01 -2.941e+01 -1.722e-08  2.207e-02 -2.589e-06 -2.730e-04 -2.305e-04  3.793e-04 
 -6.561e-02  6.553e-02 -1.242e-08 -2.589e-06  2.010e-07 -2.519e-07  1.862e-06 -6.581e-07 
 -1.445e-01  1.451e-01  4.497e-08 -2.730e-04 -2.519e-07  7.517e-05 -1.354e-05  2.857e-05 
 -1.634e+00  1.631e+00 -1.322e-07 -2.305e-04  1.862e-06 -1.354e-05  9.243e-05 -2.796e-05 
  9.953e-01 -9.944e-01  3.009e-07  3.793e-04 -6.581e-07  2.857e-05 -2.796e-05  6.323e-05 
 PARAMETER  CORRELATION COEFFICIENTS  
       NO.  GLOBAL      1      2      3      4      5      6      7      8
        1  0.72687   1.000 -0.656  0.061  0.537 -0.397 -0.045 -0.462  0.340
        2  0.77731  -0.656  1.000 -0.066 -0.581  0.429  0.049  0.498 -0.367
        3  0.19599   0.061 -0.066  1.000 -0.000 -0.110  0.021 -0.055  0.151
        4  0.72801   0.537 -0.581 -0.000  1.000 -0.039 -0.212 -0.161  0.321
        5  0.57410  -0.397  0.429 -0.110 -0.039  1.000 -0.065  0.432 -0.185
        6  0.55846  -0.045  0.049  0.021 -0.212 -0.065  1.000 -0.162  0.414
        7  0.62164  -0.462  0.498 -0.055 -0.161  0.432 -0.162  1.000 -0.366
        8  0.64719   0.340 -0.367  0.151  0.321 -0.185  0.414 -0.366  1.000
Real time 0:00:01, CP time 0.030
Real time 0:00:01, CP time 0.030
 **********
 **    7 **SET ERR         0.5
 **********
 **********
 **    8 **SET PRINT           1
 **********
 **********
 **    9 **HESSE        4000
 **********
 COVARIANCE MATRIX CALCULATED SUCCESSFULLY
 FCN=-943529 FROM HESSE     STATUS=OK             61 CALLS         608 TOTAL
                     EDM=0.000543664    STRATEGY= 1      ERROR MATRIX ACCURATE 
  EXT PARAMETER                                INTERNAL      INTERNAL  
  NO.   NAME      VALUE            ERROR       STEP SIZE       VALUE   
   1  N_Bkg        5.31490e+04   3.80945e+02   1.36008e-04   6.30223e-02
   2  N_Jpsi       3.37048e+04   3.54486e+02   3.94298e-04   7.54934e-01
   3  m_{J/#Psi}   3.68201e+00   2.51379e-04   3.30884e-04  -3.99372e-02
   4  n_1_A        1.42705e+00   1.56646e-01   7.82485e-04  -7.96036e-01
   5  sigma_1_A    4.87548e-02   4.50308e-04   1.67109e-04  -1.88535e-01
   6  sl1         -3.97572e-01   8.70659e-03   2.10279e-04  -4.08869e-01
   7  sl2          9.83270e-02   9.66583e-03   2.02994e-04   9.84861e-02
   8  sl3         -8.88745e-03   8.03159e-03   8.13195e-04  -8.88757e-03
                               ERR DEF= 0.5
 EXTERNAL ERROR MATRIX.    NDIM=  25    NPAR=  8    ERR DEF=0.5
  1.451e+05 -9.197e+04  5.898e-03  3.430e+01 -6.828e-02 -2.160e-01 -1.719e+00  1.110e+00 
 -9.197e+04  1.257e+05 -5.898e-03 -3.431e+01  6.828e-02  2.161e-01  1.719e+00 -1.110e+00 
  5.898e-03 -5.898e-03  6.319e-08  6.964e-08 -1.284e-08  4.434e-08 -1.361e-07  3.035e-07 
  3.430e+01 -3.431e+01  6.964e-08  2.455e-02 -3.511e-06 -3.159e-04 -2.665e-04  4.386e-04 
 -6.828e-02  6.828e-02 -1.284e-08 -3.511e-06  2.028e-07 -2.487e-07  1.904e-06 -6.901e-07 
 -2.160e-01  2.161e-01  4.434e-08 -3.159e-04 -2.487e-07  7.581e-05 -1.319e-05  2.756e-05 
 -1.719e+00  1.719e+00 -1.361e-07 -2.665e-04  1.904e-06 -1.319e-05  9.343e-05 -2.888e-05 
  1.110e+00 -1.110e+00  3.035e-07  4.386e-04 -6.901e-07  2.756e-05 -2.888e-05  6.451e-05 
 PARAMETER  CORRELATION COEFFICIENTS  
       NO.  GLOBAL      1      2      3      4      5      6      7      8
        1  0.74785   1.000 -0.681  0.062  0.575 -0.398 -0.065 -0.467  0.363
        2  0.79647  -0.681  1.000 -0.066 -0.618  0.428  0.070  0.502 -0.390
        3  0.19763   0.062 -0.066  1.000  0.002 -0.113  0.020 -0.056  0.150
        4  0.75929   0.575 -0.618  0.002  1.000 -0.050 -0.232 -0.176  0.349
        5  0.57983  -0.398  0.428 -0.113 -0.050  1.000 -0.063  0.437 -0.191
        6  0.56361  -0.065  0.070  0.020 -0.232 -0.063  1.000 -0.157  0.394
        7  0.62692  -0.467  0.502 -0.056 -0.176  0.437 -0.157  1.000 -0.372
        8  0.65602   0.363 -0.390  0.150  0.349 -0.191  0.394 -0.372  1.000
Real time 0:00:00, CP time 0.000
Real time 0:00:01, CP time 0.030, 2 slices

********* Finished Mass Dist. Fit **************


  RooFitResult: minimized FCN value: -943529, estimated distance to minimum: 0.000543664
                covariance matrix quality: Full, accurate covariance matrix
                Status : MINIMIZE=0 HESSE=0 

    Floating Parameter    FinalValue +/-  Error   
  --------------------  --------------------------
                 N_Bkg    5.3149e+04 +/-  3.81e+02
                N_Jpsi    3.3705e+04 +/-  3.54e+02
            m_{J/#Psi}    3.6820e+00 +/-  2.51e-04
                 n_1_A    1.4271e+00 +/-  1.57e-01
             sigma_1_A    4.8755e-02 +/-  4.50e-04
                   sl1   -3.9757e-01 +/-  8.71e-03
                   sl2    9.8327e-02 +/-  9.67e-03
                   sl3   -8.8875e-03 +/-  8.03e-03

 *** NLL : -943529.182235217
Info in <TCanvas::Print>: pdf file figs/PRMC/Mass_Fixed_pt9.0-12.0_y0.0-1.6_muPt0.0_PRw_Effw0_Accw0_PtW0_TnP0.pdf has been created

Processing MassFit_FixPar_Data.C(12, 15, 0, 1.6, 1)...

[1mRooFit v3.60 -- Developed by Wouter Verkerke and David Kirkby[0m 
                Copyright (C) 2000-2013 NIKHEF, University of California & Stanford University
                All rights reserved, please read http://roofit.sourceforge.net/license.txt

RooDataSet::dataset[mass,pt,y,pt1,pt2,eta1,eta2,weight,ctau3DRes,ctau3D,ctau3DErr,recoQQsign,NumDimu] = 1015372 entries
pt: 12-15, y: 0-1.6
####################################
******** New Combined Dataset ***********
RooRealVar::mass = 3.678  L(3.3 - 4.1) // [GeV/c^{2}]
DataStore datasetW ( a dataset)
  Contains 36155 entries
  Observables: 
    1)  ctau3DRes = 0.868267  L(-100000 - 100000)  "c_{#tau}"
    2)     ctau3D = 0.0228479  L(-100000 - 100000) // [mm] "c_{#tau}"
    3)  ctau3DErr = 0.0263144  L(-100000 - 100000) // [mm] "#sigma_{c#tau}"
    4)       mass = 3.86  L(1 - 6) // [GeV/c^{2}] "mass variable"
    5)         pt = 13.3408  L(0 - 100) // [GeV/c] "pt variable"
    6)          y = -1.23271  L(-5 - 5)  "rapidity of the dimuon pair"

********* Starting Mass Dist. Fit **************

 **********
 **    1 **SET PRINT           1
 **********
 **********
 **    2 **SET NOGRAD
 **********
 PARAMETER DEFINITIONS:
    NO.   NAME         VALUE      STEP SIZE      LIMITS
     1 N_Bkg        1.80000e+05  1.00000e+04    0.00000e+00  2.00000e+05
     2 N_Jpsi       1.80000e+04  1.00000e+03    0.00000e+00  2.00000e+04
     3 m_{J/#Psi}   3.68600e+00  2.00000e-02    3.58600e+00  3.78600e+00
     4 n_1_A        1.33131e+00  6.65654e-01    0.00000e+00  1.00000e+01
     5 sigma_1_A    4.51614e-02  1.20000e-02    0.00000e+00  1.20000e-01
     6 sl1          1.00000e-02  2.00000e-01   -1.00000e+00  1.00000e+00
     7 sl2          1.00000e-02  2.00000e-01   -1.00000e+00  1.00000e+00
     8 sl3          1.00000e-02  2.00000e-01   -1.00000e+00  1.00000e+00
 **********
 **    3 **SET ERR         0.5
 **********
 **********
 **    4 **SET PRINT           1
 **********
 **********
 **    5 **SET STR           1
 **********
 NOW USING STRATEGY  1: TRY TO BALANCE SPEED AGAINST RELIABILITY
 **********
 **    6 **MINIMIZE        4000           1
 **********
 FIRST CALL TO USER FUNCTION AT NEW START POINT, WITH IFLAG=4.
 START MIGRAD MINIMIZATION.  STRATEGY  1.  CONVERGENCE WHEN EDM .LT. 1.00e-03
 FCN=-360504 FROM MIGRAD    STATUS=INITIATE       91 CALLS          92 TOTAL
                     EDM= unknown      STRATEGY= 1      NO ERROR MATRIX       
  EXT PARAMETER               CURRENT GUESS       STEP         FIRST   
  NO.   NAME      VALUE            ERROR          SIZE      DERIVATIVE 
   1  N_Bkg        2.85747e+04   1.00000e+04   0.00000e+00   1.17927e+04
   2  N_Jpsi       1.18500e+04   1.00000e+03  -7.41222e-01  -4.51993e+02
   3  m_{J/#Psi}   3.68600e+00   2.00000e-02   0.00000e+00   3.04109e+03
   4  n_1_A        1.33131e+00   6.65654e-01   0.00000e+00  -6.01167e+01
   5  sigma_1_A    4.51614e-02   1.20000e-02   0.00000e+00   8.76225e+02
   6  sl1          1.00000e-02   2.00000e-01   0.00000e+00   3.80755e+03
   7  sl2          1.00000e-02   2.00000e-01   0.00000e+00   3.00328e+02
   8  sl3          1.00000e-02   2.00000e-01   0.00000e+00  -2.42424e+03
                               ERR DEF= 0.5
 MIGRAD MINIMIZATION HAS CONVERGED.
 MIGRAD WILL VERIFY CONVERGENCE AND ERROR MATRIX.
 COVARIANCE MATRIX CALCULATED SUCCESSFULLY
 FCN=-362130 FROM MIGRAD    STATUS=CONVERGED     327 CALLS         328 TOTAL
                     EDM=0.000108007    STRATEGY= 1      ERROR MATRIX ACCURATE 
  EXT PARAMETER                                   STEP         FIRST   
  NO.   NAME      VALUE            ERROR          SIZE      DERIVATIVE 
   1  N_Bkg        2.16327e+04   2.47139e+02   1.07863e-03   2.63469e+00
   2  N_Jpsi       1.45232e+04   2.32330e+02   6.48373e-03  -3.35495e-02
   3  m_{J/#Psi}   3.68229e+00   3.63167e-04   1.48361e-03  -3.95794e-01
   4  n_1_A        1.30661e+00   2.36524e-01   1.83022e-02   4.55966e-03
   5  sigma_1_A    4.78336e-02   6.45803e-04   3.79352e-03   4.14095e-01
   6  sl1         -4.86914e-01   1.33812e-02   5.22460e-03  -9.37499e-02
   7  sl2          1.29261e-01   1.48889e-02   4.81087e-03   2.85476e-01
   8  sl3         -1.53479e-02   1.25267e-02   3.83513e-03  -6.53902e-02
                               ERR DEF= 0.5
 EXTERNAL ERROR MATRIX.    NDIM=  25    NPAR=  8    ERR DEF=0.5
  6.108e+04 -3.944e+04  5.137e-03  3.584e+01 -5.908e-02 -1.997e-01 -1.702e+00  1.210e+00 
 -3.944e+04  5.399e+04 -5.133e-03 -3.587e+01  5.905e-02  2.005e-01  1.701e+00 -1.210e+00 
  5.137e-03 -5.133e-03  1.319e-07  1.027e-07 -2.551e-08  1.041e-07 -3.031e-07  6.346e-07 
  3.584e+01 -3.587e+01  1.027e-07  5.604e-02 -7.968e-06 -7.190e-04 -6.944e-04  1.100e-03 
 -5.908e-02  5.905e-02 -2.551e-08 -7.968e-06  4.171e-07 -6.902e-07  4.077e-06 -1.602e-06 
 -1.997e-01  2.005e-01  1.041e-07 -7.190e-04 -6.902e-07  1.791e-04 -3.873e-05  6.633e-05 
 -1.702e+00  1.701e+00 -3.031e-07 -6.944e-04  4.077e-06 -3.873e-05  2.217e-04 -7.906e-05 
  1.210e+00 -1.210e+00  6.346e-07  1.100e-03 -1.602e-06  6.633e-05 -7.906e-05  1.569e-04 
 PARAMETER  CORRELATION COEFFICIENTS  
       NO.  GLOBAL      1      2      3      4      5      6      7      8
        1  0.75779   1.000 -0.687  0.057  0.613 -0.370 -0.060 -0.463  0.391
        2  0.80073  -0.687  1.000 -0.061 -0.652  0.394  0.064  0.492 -0.416
        3  0.18672   0.057 -0.061  1.000  0.001 -0.109  0.021 -0.056  0.139
        4  0.78273   0.613 -0.652  0.001  1.000 -0.052 -0.227 -0.197  0.371
        5  0.55683  -0.370  0.394 -0.109 -0.052  1.000 -0.080  0.424 -0.198
        6  0.57124  -0.060  0.064  0.021 -0.227 -0.080  1.000 -0.194  0.396
        7  0.63675  -0.463  0.492 -0.056 -0.197  0.424 -0.194  1.000 -0.424
        8  0.67612   0.391 -0.416  0.139  0.371 -0.198  0.396 -0.424  1.000
Real time 0:00:00, CP time 0.020
Real time 0:00:00, CP time 0.020
 **********
 **    7 **SET ERR         0.5
 **********
 **********
 **    8 **SET PRINT           1
 **********
 **********
 **    9 **HESSE        4000
 **********
 COVARIANCE MATRIX CALCULATED SUCCESSFULLY
 FCN=-362130 FROM HESSE     STATUS=OK             63 CALLS         391 TOTAL
                     EDM=0.000117726    STRATEGY= 1      ERROR MATRIX ACCURATE 
  EXT PARAMETER                                INTERNAL      INTERNAL  
  NO.   NAME      VALUE            ERROR       STEP SIZE       VALUE   
   1  N_Bkg        2.16327e+04   2.58255e+02   2.15725e-04  -9.00558e-01
   2  N_Jpsi       1.45232e+04   2.44101e+02   2.59349e-04   4.69366e-01
   3  m_{J/#Psi}   3.68229e+00   3.63196e-04   2.96722e-04  -3.71259e-02
   4  n_1_A        1.30661e+00   2.53187e-01   7.32087e-04  -8.31106e-01
   5  sigma_1_A    4.78336e-02   6.47405e-04   1.51741e-04  -2.04190e-01
   6  sl1         -4.86914e-01   1.34560e-02   2.08984e-04  -5.08553e-01
   7  sl2          1.29261e-01   1.49561e-02   9.62174e-04   1.29624e-01
   8  sl3         -1.53479e-02   1.27019e-02   1.53405e-04  -1.53485e-02
                               ERR DEF= 0.5
 EXTERNAL ERROR MATRIX.    NDIM=  25    NPAR=  8    ERR DEF=0.5
  6.670e+04 -4.507e+04  5.317e-03  4.271e+01 -6.125e-02 -3.078e-01 -1.803e+00  1.374e+00 
 -4.507e+04  5.960e+04 -5.318e-03 -4.272e+01  6.125e-02  3.079e-01  1.803e+00 -1.375e+00 
  5.317e-03 -5.318e-03  1.319e-07  2.833e-07 -2.614e-08  1.015e-07 -3.076e-07  6.388e-07 
  4.271e+01 -4.272e+01  2.833e-07  6.422e-02 -1.005e-05 -8.594e-04 -8.069e-04  1.301e-03 
 -6.125e-02  6.125e-02 -2.614e-08 -1.005e-05  4.191e-07 -6.730e-07  4.140e-06 -1.665e-06 
 -3.078e-01  3.079e-01  1.015e-07 -8.594e-04 -6.730e-07  1.811e-04 -3.716e-05  6.267e-05 
 -1.803e+00  1.803e+00 -3.076e-07 -8.069e-04  4.140e-06 -3.716e-05  2.237e-04 -8.170e-05 
  1.374e+00 -1.375e+00  6.388e-07  1.301e-03 -1.665e-06  6.267e-05 -8.170e-05  1.613e-04 
 PARAMETER  CORRELATION COEFFICIENTS  
       NO.  GLOBAL      1      2      3      4      5      6      7      8
        1  0.78110   1.000 -0.715  0.057  0.653 -0.366 -0.089 -0.467  0.419
        2  0.82155  -0.715  1.000 -0.060 -0.690  0.388  0.094  0.494 -0.443
        3  0.18787   0.057 -0.060  1.000  0.003 -0.111  0.021 -0.057  0.138
        4  0.81314   0.653 -0.690  0.003  1.000 -0.061 -0.252 -0.213  0.404
        5  0.56055  -0.366  0.388 -0.111 -0.061  1.000 -0.077  0.427 -0.202
        6  0.57774  -0.089  0.094  0.021 -0.252 -0.077  1.000 -0.185  0.367
        7  0.64092  -0.467  0.494 -0.057 -0.213  0.427 -0.185  1.000 -0.430
        8  0.68703   0.419 -0.443  0.138  0.404 -0.202  0.367 -0.430  1.000
Real time 0:00:00, CP time 0.000
Real time 0:00:00, CP time 0.020, 2 slices

********* Finished Mass Dist. Fit **************


  RooFitResult: minimized FCN value: -362130, estimated distance to minimum: 0.000117726
                covariance matrix quality: Full, accurate covariance matrix
                Status : MINIMIZE=0 HESSE=0 

    Floating Parameter    FinalValue +/-  Error   
  --------------------  --------------------------
                 N_Bkg    2.1633e+04 +/-  2.58e+02
                N_Jpsi    1.4523e+04 +/-  2.44e+02
            m_{J/#Psi}    3.6823e+00 +/-  3.63e-04
                 n_1_A    1.3066e+00 +/-  2.53e-01
             sigma_1_A    4.7834e-02 +/-  6.47e-04
                   sl1   -4.8691e-01 +/-  1.35e-02
                   sl2    1.2926e-01 +/-  1.50e-02
                   sl3   -1.5348e-02 +/-  1.27e-02

 *** NLL : -362129.741314434
Info in <TCanvas::Print>: pdf file figs/PRMC/Mass_Fixed_pt12.0-15.0_y0.0-1.6_muPt0.0_PRw_Effw0_Accw0_PtW0_TnP0.pdf has been created

Processing MassFit_FixPar_Data.C(15, 20, 0, 1.6, 1)...

[1mRooFit v3.60 -- Developed by Wouter Verkerke and David Kirkby[0m 
                Copyright (C) 2000-2013 NIKHEF, University of California & Stanford University
                All rights reserved, please read http://roofit.sourceforge.net/license.txt

RooDataSet::dataset[mass,pt,y,pt1,pt2,eta1,eta2,weight,ctau3DRes,ctau3D,ctau3DErr,recoQQsign,NumDimu] = 1015372 entries
pt: 15-20, y: 0-1.6
####################################
******** New Combined Dataset ***********
RooRealVar::mass = 3.678  L(3.3 - 4.1) // [GeV/c^{2}]
DataStore datasetW ( a dataset)
  Contains 21433 entries
  Observables: 
    1)  ctau3DRes = 3.60121  L(-100000 - 100000)  "c_{#tau}"
    2)     ctau3D = 0.0739463  L(-100000 - 100000) // [mm] "c_{#tau}"
    3)  ctau3DErr = 0.0205337  L(-100000 - 100000) // [mm] "#sigma_{c#tau}"
    4)       mass = 3.4027  L(1 - 6) // [GeV/c^{2}] "mass variable"
    5)         pt = 18.4387  L(0 - 100) // [GeV/c] "pt variable"
    6)          y = -1.11751  L(-5 - 5)  "rapidity of the dimuon pair"

********* Starting Mass Dist. Fit **************

 **********
 **    1 **SET PRINT           1
 **********
 **********
 **    2 **SET NOGRAD
 **********
 PARAMETER DEFINITIONS:
    NO.   NAME         VALUE      STEP SIZE      LIMITS
     1 N_Bkg        1.35000e+04  7.50000e+02    0.00000e+00  1.50000e+04
     2 N_Jpsi       9.00000e+03  5.00000e+02    0.00000e+00  1.00000e+04
     3 m_{J/#Psi}   3.68600e+00  2.00000e-02    3.58600e+00  3.78600e+00
     4 n_1_A        1.28957e+00  6.44784e-01    0.00000e+00  1.00000e+01
     5 sigma_1_A    4.52169e-02  1.20000e-02    0.00000e+00  1.20000e-01
     6 sl1          1.00000e-02  2.00000e-01   -1.00000e+00  1.00000e+00
     7 sl2          1.00000e-02  2.00000e-01   -1.00000e+00  1.00000e+00
     8 sl3          1.00000e-02  2.00000e-01   -1.00000e+00  1.00000e+00
 **********
 **    3 **SET ERR         0.5
 **********
 **********
 **    4 **SET PRINT           1
 **********
 **********
 **    5 **SET STR           1
 **********
 NOW USING STRATEGY  1: TRY TO BALANCE SPEED AGAINST RELIABILITY
 **********
 **    6 **MINIMIZE        4000           1
 **********
 FIRST CALL TO USER FUNCTION AT NEW START POINT, WITH IFLAG=4.
 START MIGRAD MINIMIZATION.  STRATEGY  1.  CONVERGENCE WHEN EDM .LT. 1.00e-03
 FCN=-203055 FROM MIGRAD    STATUS=INITIATE       65 CALLS          66 TOTAL
                     EDM= unknown      STRATEGY= 1      NO ERROR MATRIX       
  EXT PARAMETER               CURRENT GUESS       STEP         FIRST   
  NO.   NAME      VALUE            ERROR          SIZE      DERIVATIVE 
   1  N_Bkg        1.35000e+04   7.50000e+02   0.00000e+00   4.49395e+02
   2  N_Jpsi       9.00000e+03   5.00000e+02   0.00000e+00  -9.39871e+01
   3  m_{J/#Psi}   3.68600e+00   2.00000e-02   0.00000e+00   1.90141e+03
   4  n_1_A        2.69729e-01   6.44784e-01  -4.04656e-01   3.77627e+02
   5  sigma_1_A    4.52169e-02   1.20000e-02   0.00000e+00   3.16613e+02
   6  sl1          1.00000e-02   2.00000e-01   0.00000e+00   1.68842e+03
   7  sl2          1.00000e-02   2.00000e-01   0.00000e+00  -1.28515e+02
   8  sl3          1.00000e-02   2.00000e-01   0.00000e+00  -7.69186e+02
                               ERR DEF= 0.5
 MIGRAD MINIMIZATION HAS CONVERGED.
 MIGRAD WILL VERIFY CONVERGENCE AND ERROR MATRIX.
 COVARIANCE MATRIX CALCULATED SUCCESSFULLY
 FCN=-203596 FROM MIGRAD    STATUS=CONVERGED     483 CALLS         484 TOTAL
                     EDM=0.000123974    STRATEGY= 1      ERROR MATRIX ACCURATE 
  EXT PARAMETER                                   STEP         FIRST   
  NO.   NAME      VALUE            ERROR          SIZE      DERIVATIVE 
   1  N_Bkg        1.27281e+04   1.75328e+02   7.17395e-03   2.50614e-01
   2  N_Jpsi       8.70602e+03   1.63520e+02   9.93913e-03   2.13507e-01
   3  m_{J/#Psi}   3.68220e+00   4.69252e-04   1.43736e-03   8.63944e-01
   4  n_1_A        1.28569e+00   2.39415e-01   1.58862e-02   3.53536e-02
   5  sigma_1_A    4.81579e-02   8.43432e-04   3.69092e-03  -3.52097e-01
   6  sl1         -5.56772e-01   1.69959e-02   5.25001e-03   7.87694e-03
   7  sl2          1.78084e-01   1.91887e-02   4.60335e-03  -2.25059e-01
   8  sl3         -4.53444e-02   1.57865e-02   3.66596e-03  -1.30895e-01
                               ERR DEF= 0.5
 EXTERNAL ERROR MATRIX.    NDIM=  25    NPAR=  8    ERR DEF=0.5
  3.075e+04 -1.801e+04  5.132e-03  2.174e+01 -5.844e-02  6.532e-02 -1.576e+00  9.737e-01 
 -1.801e+04  2.676e+04 -5.133e-03 -2.178e+01  5.845e-02 -6.468e-02  1.575e+00 -9.741e-01 
  5.132e-03 -5.133e-03  2.202e-07  4.172e-07 -4.255e-08  1.939e-07 -5.273e-07  1.081e-06 
  2.174e+01 -2.178e+01  4.172e-07  5.742e-02 -9.486e-06 -6.437e-04 -7.596e-04  1.150e-03 
 -5.844e-02  5.845e-02 -4.255e-08 -9.486e-06  7.114e-07 -1.524e-06  7.123e-06 -2.838e-06 
  6.532e-02 -6.468e-02  1.939e-07 -6.437e-04 -1.524e-06  2.889e-04 -8.270e-05  1.242e-04 
 -1.576e+00  1.575e+00 -5.273e-07 -7.596e-04  7.123e-06 -8.270e-05  3.683e-04 -1.338e-04 
  9.737e-01 -9.741e-01  1.081e-06  1.150e-03 -2.838e-06  1.242e-04 -1.338e-04  2.492e-04 
 PARAMETER  CORRELATION COEFFICIENTS  
       NO.  GLOBAL      1      2      3      4      5      6      7      8
        1  0.70967   1.000 -0.628  0.062  0.517 -0.395  0.022 -0.468  0.352
        2  0.75518  -0.628  1.000 -0.067 -0.556  0.424 -0.023  0.502 -0.377
        3  0.18775   0.062 -0.067  1.000  0.004 -0.108  0.024 -0.059  0.146
        4  0.69824   0.517 -0.556  0.004  1.000 -0.047 -0.158 -0.165  0.304
        5  0.56397  -0.395  0.424 -0.108 -0.047  1.000 -0.106  0.440 -0.213
        6  0.56770   0.022 -0.023  0.024 -0.158 -0.106  1.000 -0.254  0.463
        7  0.65247  -0.468  0.502 -0.059 -0.165  0.440 -0.254  1.000 -0.442
        8  0.66766   0.352 -0.377  0.146  0.304 -0.213  0.463 -0.442  1.000
Real time 0:00:00, CP time 0.030
Real time 0:00:00, CP time 0.030
 **********
 **    7 **SET ERR         0.5
 **********
 **********
 **    8 **SET PRINT           1
 **********
 **********
 **    9 **HESSE        4000
 **********
 COVARIANCE MATRIX CALCULATED SUCCESSFULLY
 FCN=-203596 FROM HESSE     STATUS=OK             61 CALLS         545 TOTAL
                     EDM=0.000124581    STRATEGY= 1      ERROR MATRIX ACCURATE 
  EXT PARAMETER                                INTERNAL      INTERNAL  
  NO.   NAME      VALUE            ERROR       STEP SIZE       VALUE   
   1  N_Bkg        1.27281e+04   1.80573e+02   2.86958e-04   7.71322e-01
   2  N_Jpsi       8.70602e+03   1.69050e+02   3.97565e-04   8.34863e-01
   3  m_{J/#Psi}   3.68220e+00   4.69471e-04   2.87471e-04  -3.80013e-02
   4  n_1_A        1.28569e+00   2.49257e-01   6.35448e-04  -8.37335e-01
   5  sigma_1_A    4.81579e-02   8.49103e-04   1.47637e-04  -1.98673e-01
   6  sl1         -5.56772e-01   1.70134e-02   2.10000e-04  -5.90494e-01
   7  sl2          1.78084e-01   1.93273e-02   9.20670e-04   1.79039e-01
   8  sl3         -4.53444e-02   1.59060e-02   1.46638e-04  -4.53599e-02
                               ERR DEF= 0.5
 EXTERNAL ERROR MATRIX.    NDIM=  25    NPAR=  8    ERR DEF=0.5
  3.262e+04 -1.989e+04  5.448e-03  2.476e+01 -6.148e-02  3.380e-02 -1.665e+00  1.066e+00 
 -1.989e+04  2.860e+04 -5.448e-03 -2.476e+01  6.148e-02 -3.378e-02  1.665e+00 -1.066e+00 
  5.448e-03 -5.448e-03  2.204e-07  7.673e-07 -4.441e-08  1.924e-07 -5.490e-07  1.095e-06 
  2.476e+01 -2.476e+01  7.673e-07  6.224e-02 -1.276e-05 -7.139e-04 -8.742e-04  1.299e-03 
 -6.148e-02  6.148e-02 -4.441e-08 -1.276e-05  7.210e-07 -1.537e-06  7.345e-06 -2.987e-06 
  3.380e-02 -3.378e-02  1.924e-07 -7.139e-04 -1.537e-06  2.895e-04 -8.228e-05  1.217e-04 
 -1.665e+00  1.665e+00 -5.490e-07 -8.742e-04  7.345e-06 -8.228e-05  3.736e-04 -1.376e-04 
  1.066e+00 -1.066e+00  1.095e-06  1.299e-03 -2.987e-06  1.217e-04 -1.376e-04  2.530e-04 
 PARAMETER  CORRELATION COEFFICIENTS  
       NO.  GLOBAL      1      2      3      4      5      6      7      8
        1  0.72942   1.000 -0.651  0.064  0.549 -0.401  0.011 -0.477  0.371
        2  0.77328  -0.651  1.000 -0.069 -0.587  0.428 -0.012  0.509 -0.396
        3  0.18982   0.064 -0.069  1.000  0.007 -0.111  0.024 -0.061  0.147
        4  0.72564   0.549 -0.587  0.007  1.000 -0.060 -0.168 -0.181  0.327
        5  0.57157  -0.401  0.428 -0.111 -0.060  1.000 -0.106  0.448 -0.221
        6  0.56893   0.011 -0.012  0.024 -0.168 -0.106  1.000 -0.250  0.450
        7  0.65873  -0.477  0.509 -0.061 -0.181  0.448 -0.250  1.000 -0.448
        8  0.67384   0.371 -0.396  0.147  0.327 -0.221  0.450 -0.448  1.000
Real time 0:00:00, CP time 0.000
Real time 0:00:00, CP time 0.030, 2 slices

********* Finished Mass Dist. Fit **************


  RooFitResult: minimized FCN value: -203596, estimated distance to minimum: 0.000124581
                covariance matrix quality: Full, accurate covariance matrix
                Status : MINIMIZE=0 HESSE=0 

    Floating Parameter    FinalValue +/-  Error   
  --------------------  --------------------------
                 N_Bkg    1.2728e+04 +/-  1.81e+02
                N_Jpsi    8.7060e+03 +/-  1.69e+02
            m_{J/#Psi}    3.6822e+00 +/-  4.69e-04
                 n_1_A    1.2857e+00 +/-  2.49e-01
             sigma_1_A    4.8158e-02 +/-  8.49e-04
                   sl1   -5.5677e-01 +/-  1.70e-02
                   sl2    1.7808e-01 +/-  1.93e-02
                   sl3   -4.5344e-02 +/-  1.59e-02

 *** NLL : -203596.115828085
Info in <TCanvas::Print>: pdf file figs/PRMC/Mass_Fixed_pt15.0-20.0_y0.0-1.6_muPt0.0_PRw_Effw0_Accw0_PtW0_TnP0.pdf has been created

Processing MassFit_FixPar_Data.C(20, 25, 0, 1.6, 1)...

[1mRooFit v3.60 -- Developed by Wouter Verkerke and David Kirkby[0m 
                Copyright (C) 2000-2013 NIKHEF, University of California & Stanford University
                All rights reserved, please read http://roofit.sourceforge.net/license.txt

RooDataSet::dataset[mass,pt,y,pt1,pt2,eta1,eta2,weight,ctau3DRes,ctau3D,ctau3DErr,recoQQsign,NumDimu] = 1015372 entries
pt: 20-25, y: 0-1.6
####################################
******** New Combined Dataset ***********
RooRealVar::mass = 3.678  L(3.3 - 4.1) // [GeV/c^{2}]
DataStore datasetW ( a dataset)
  Contains 6789 entries
  Observables: 
    1)  ctau3DRes = 40.5253  L(-100000 - 100000)  "c_{#tau}"
    2)     ctau3D = 0.519535  L(-100000 - 100000) // [mm] "c_{#tau}"
    3)  ctau3DErr = 0.01282  L(-100000 - 100000) // [mm] "#sigma_{c#tau}"
    4)       mass = 3.78012  L(1 - 6) // [GeV/c^{2}] "mass variable"
    5)         pt = 20.1385  L(0 - 100) // [GeV/c] "pt variable"
    6)          y = -0.681445  L(-5 - 5)  "rapidity of the dimuon pair"

********* Starting Mass Dist. Fit **************

 **********
 **    1 **SET PRINT           1
 **********
 **********
 **    2 **SET NOGRAD
 **********
 PARAMETER DEFINITIONS:
    NO.   NAME         VALUE      STEP SIZE      LIMITS
     1 N_Bkg        9.00000e+03  5.00000e+02    0.00000e+00  1.00000e+04
     2 N_Jpsi       3.15000e+03  1.75000e+02    0.00000e+00  3.50000e+03
     3 m_{J/#Psi}   3.68600e+00  2.00000e-02    3.58600e+00  3.78600e+00
     4 n_1_A        1.22828e+00  6.14138e-01    0.00000e+00  1.00000e+01
     5 sigma_1_A    5.42000e-02  1.20000e-02    0.00000e+00  1.20000e-01
     6 sl1          1.00000e-02  2.00000e-01   -1.00000e+00  1.00000e+00
     7 sl2          1.00000e-02  2.00000e-01   -1.00000e+00  1.00000e+00
     8 sl3          1.00000e-02  2.00000e-01   -1.00000e+00  1.00000e+00
