
[1mRooFit v3.60 -- Developed by Wouter Verkerke and David Kirkby[0m 
                Copyright (C) 2000-2013 NIKHEF, University of California & Stanford University
                All rights reserved, please read http://roofit.sourceforge.net/license.txt


Processing MassFit_FixPar_Data.C(3.5,6.5,1.6,2.4,1)...

[1mRooFit v3.60 -- Developed by Wouter Verkerke and David Kirkby[0m 
                Copyright (C) 2000-2013 NIKHEF, University of California & Stanford University
                All rights reserved, please read http://roofit.sourceforge.net/license.txt

l_cut: 0.0485
RooDataSet::dataset[mass,pt,y,pt1,pt2,eta1,eta2,weight,ctau3DRes,ctau3D,ctau3DErr,recoQQsign] = 8758896 entries
pt: 3.5-6.5, y: 1.6-2.4
####################################
******** New Combined Dataset ***********
RooRealVar::mass = 3.05039  L(2.6 - 3.5) // [GeV/c^{2}]
DataStore datasetW ( a dataset)
  Contains 1814025 entries
  Observables: 
    1)  ctau3DRes = 0.848184  L(-100000 - 100000)  "c_{#tau}"
    2)     ctau3D = 0.0300638  L(-100000 - 100000) // [mm] "c_{#tau}"
    3)  ctau3DErr = 0.035445  L(-100000 - 100000) // [mm] "#sigma_{c#tau}"
    4)       mass = 3.05039  L(1 - 6) // [GeV/c^{2}] "mass variable"
    5)         pt = 4.28663  L(0 - 100) // [GeV/c] "pt variable"
    6)          y = -1.92495  L(-5 - 5)  "rapidity of the dimuon pair"

********* Starting Mass Dist. Fit **************

 **********
 **    1 **SET PRINT           1
 **********
 **********
 **    2 **SET NOGRAD
 **********
 PARAMETER DEFINITIONS:
    NO.   NAME         VALUE      STEP SIZE      LIMITS
     1 N_Bkg        9.00000e+07  5.00000e+06    0.00000e+00  1.00000e+08
 MINUIT WARNING IN PARAM DEF
 ============== LIMITS ON PARAM1 TOO FAR APART.
 PARAMETER DEFINITIONS:
    NO.   NAME         VALUE      STEP SIZE      LIMITS
     2 N_Jpsi       9.00000e+07  5.00000e+06    0.00000e+00  1.00000e+08
 MINUIT WARNING IN PARAM DEF
 ============== LIMITS ON PARAM2 TOO FAR APART.
 PARAMETER DEFINITIONS:
    NO.   NAME         VALUE      STEP SIZE      LIMITS
     3 alpha_1_A    2.07550e+00  1.00000e+00    0.00000e+00  1.00000e+01
     4 m_{J/#Psi}   3.09600e+00  2.00000e-02    2.99600e+00  3.19600e+00
     5 sigma_1_A    3.74120e-02  1.20000e-02    0.00000e+00  1.20000e-01
     6 sl1          1.00000e-02  2.00000e-01   -1.00000e+00  1.00000e+00
 **********
 **    3 **SET ERR         0.5
 **********
 **********
 **    4 **SET PRINT           1
 **********
 **********
 **    5 **SET STR           1
 **********
 NOW USING STRATEGY  1: TRY TO BALANCE SPEED AGAINST RELIABILITY
 **********
 **    6 **MIGRAD        3000           1
 **********
 FIRST CALL TO USER FUNCTION AT NEW START POINT, WITH IFLAG=4.
 START MIGRAD MINIMIZATION.  STRATEGY  1.  CONVERGENCE WHEN EDM .LT. 1.00e-03
 FCN=-1.70703e+07 FROM MIGRAD    STATUS=INITIATE       75 CALLS          76 TOTAL
                     EDM= unknown      STRATEGY= 1      NO ERROR MATRIX       
  EXT PARAMETER               CURRENT GUESS       STEP         FIRST   
  NO.   NAME      VALUE            ERROR          SIZE      DERIVATIVE 
   1  N_Bkg        1.21958e+04   5.00000e+06   0.00000e+00  -3.77293e+06
   2  N_Jpsi       1.43221e+07   5.00000e+06  -1.72186e+00   3.07247e+07
   3  alpha_1_A    2.07550e+00   1.00000e+00   0.00000e+00   1.07923e+06
   4  m_{J/#Psi}   3.09600e+00   2.00000e-02   0.00000e+00   2.51573e+05
   5  sigma_1_A    3.74120e-02   1.20000e-02   0.00000e+00  -8.56697e+05
   6  sl1          1.00000e-02   2.00000e-01   0.00000e+00  -3.81677e+04
                               ERR DEF= 0.5
 MIGRAD FAILS TO FIND IMPROVEMENT
 MACHINE ACCURACY LIMITS FURTHER IMPROVEMENT.
 MIGRAD MINIMIZATION HAS CONVERGED.
 FCN=-2.622e+07 FROM MIGRAD    STATUS=CONVERGED     329 CALLS         330 TOTAL
                     EDM=0.00159613    STRATEGY= 1  ERROR MATRIX UNCERTAINTY   2.1 per cent
  EXT PARAMETER                                   STEP         FIRST   
  NO.   NAME      VALUE            ERROR          SIZE      DERIVATIVE 
   1  N_Bkg        2.76672e+05   9.67746e+02   0.00000e+00   3.24017e+01
   2  N_Jpsi       1.53736e+06   1.46965e+03  -0.00000e+00   1.99275e+01
   3  alpha_1_A    2.09119e+00   6.95070e-03   0.00000e+00  -2.51468e+01
   4  m_{J/#Psi}   3.09026e+00   4.51354e-05   0.00000e+00  -4.88423e+01
   5  sigma_1_A    3.93704e-02   3.45304e-05   0.00000e+00  -2.76167e+01
   6  sl1         -6.52383e-02   4.36400e-03   0.00000e+00  -2.34503e+00
                               ERR DEF= 0.5
 EXTERNAL ERROR MATRIX.    NDIM=  25    NPAR=  6    ERR DEF=0.5
  9.365e+05 -6.640e+05  4.547e+00 -5.540e-03 -1.433e-03  1.806e+00 
 -6.640e+05  2.160e+06 -4.538e+00  5.770e-03  4.954e-04 -1.726e+00 
  4.547e+00 -4.538e+00  4.831e-05 -6.916e-08  6.538e-08  1.786e-05 
 -5.540e-03  5.770e-03 -6.916e-08  2.037e-09 -2.457e-10 -1.251e-08 
 -1.433e-03  4.954e-04  6.538e-08 -2.457e-10  1.192e-09  2.587e-08 
  1.806e+00 -1.726e+00  1.786e-05 -1.251e-08  2.587e-08  1.904e-05 
 PARAMETER  CORRELATION COEFFICIENTS  
       NO.  GLOBAL      1      2      3      4      5      6
        1  0.73293   1.000 -0.467  0.676 -0.127 -0.043  0.428
        2  0.50295  -0.467  1.000 -0.444  0.087  0.010 -0.269
        3  0.80339   0.676 -0.444  1.000 -0.220  0.272  0.589
        4  0.25676  -0.127  0.087 -0.220  1.000 -0.158 -0.063
        5  0.42849  -0.043  0.010  0.272 -0.158  1.000  0.172
        6  0.59479   0.428 -0.269  0.589 -0.063  0.172  1.000
Real time 0:00:07, CP time 0.120
Real time 0:00:07, CP time 0.120
 **********
 **    7 **SET ERR         0.5
 **********
 **********
 **    8 **SET PRINT           1
 **********
 **********
 **    9 **HESSE        3000
 **********
 COVARIANCE MATRIX CALCULATED SUCCESSFULLY
 FCN=-2.622e+07 FROM HESSE     STATUS=OK             50 CALLS         380 TOTAL
                     EDM=0.0010002    STRATEGY= 1      ERROR MATRIX ACCURATE 
  EXT PARAMETER                                INTERNAL      INTERNAL  
  NO.   NAME      VALUE            ERROR       STEP SIZE       VALUE   
   1  N_Bkg        2.76672e+05   9.53599e+02   4.51536e-04  -1.46555e+00
   2  N_Jpsi       1.53736e+06   1.47357e+03   3.69369e-04  -1.32218e+00
   3  alpha_1_A    2.09119e+00   6.74156e-03   3.60790e-03  -6.20893e-01
   4  m_{J/#Psi}   3.09026e+00   4.50993e-05   1.54903e-03  -5.74695e-02
   5  sigma_1_A    3.93704e-02   3.45918e-05   2.00538e-03  -3.50989e-01
   6  sl1         -6.52383e-02   4.29400e-03   1.24114e-02   3.20688e+00
                               ERR DEF= 0.5
 EXTERNAL ERROR MATRIX.    NDIM=  25    NPAR=  6    ERR DEF=0.5
  9.094e+05 -6.332e+05  4.233e+00 -5.532e-03 -1.707e-03  1.627e+00 
 -6.332e+05  2.171e+06 -4.241e+00  5.544e-03  1.696e-03 -1.630e+00 
  4.233e+00 -4.241e+00  4.545e-05 -6.734e-08  5.608e-08  1.661e-05 
 -5.532e-03  5.544e-03 -6.734e-08  2.034e-09 -1.808e-10 -1.213e-08 
 -1.707e-03  1.696e-03  5.608e-08 -1.808e-10  1.197e-09  2.200e-08 
  1.627e+00 -1.630e+00  1.661e-05 -1.213e-08  2.200e-08  1.844e-05 
 PARAMETER  CORRELATION COEFFICIENTS  
       NO.  GLOBAL      1      2      3      4      5      6
        1  0.71079   1.000 -0.451  0.658 -0.129 -0.052  0.397
        2  0.48916  -0.451  1.000 -0.427  0.083  0.033 -0.258
        3  0.78811   0.658 -0.427  1.000 -0.221  0.240  0.574
        4  0.24400  -0.129  0.083 -0.221  1.000 -0.116 -0.063
        5  0.38299  -0.052  0.033  0.240 -0.116  1.000  0.148
        6  0.57847   0.397 -0.258  0.574 -0.063  0.148  1.000
Real time 0:00:00, CP time 0.020
Real time 0:00:08, CP time 0.140, 2 slices

********* Finished Mass Dist. Fit **************


  RooFitResult: minimized FCN value: -2.622e+07, estimated distance to minimum: 0.0010002
                covariance matrix quality: Full, accurate covariance matrix
                Status : MINIMIZE=0 HESSE=0 

    Floating Parameter    FinalValue +/-  Error   
  --------------------  --------------------------
                 N_Bkg    2.7667e+05 +/-  9.54e+02
                N_Jpsi    1.5374e+06 +/-  1.47e+03
             alpha_1_A    2.0912e+00 +/-  6.74e-03
            m_{J/#Psi}    3.0903e+00 +/-  4.51e-05
             sigma_1_A    3.9370e-02 +/-  3.46e-05
                   sl1   -6.5238e-02 +/-  4.29e-03

 *** NLL : -26219988.5600674
SysError in <TFile::TFile>: file roots/PRMC/Mass_FixedFitResult_pt3.5-6.5_y1.6-2.4_muPt0.0_PRw_Effw0_Accw0_PtW0_TnP0.root can not be opened (No such file or directory)
Error in <TROOT::WriteTObject>: The current directory (Rint) is not associated with a file. The object (pdfMASS_Tot) has not been written.
Error in <TROOT::WriteTObject>: The current directory (Rint) is not associated with a file. The object (pdfMASS_bkg) has not been written.
Error in <TROOT::WriteTObject>: The current directory (Rint) is not associated with a file. The object (datasetMass) has not been written.
Error in <TROOT::WriteTObject>: The current directory (Rint) is not associated with a file. The object (fitResults) has not been written.
Error in <TROOT::WriteTObject>: The current directory (Rint) is not associated with a file. The object (fitresult_pdfMASS_Tot_dsAB) has not been written.
ERROR in TPDF::Open: Cannot open file:figs/PRMC/Mass_Fixed_pt3.5-6.5_y1.6-2.4_muPt0.0_PRw_Effw0_Accw0_PtW0_TnP0.pdf

Processing MassFit_FixPar_Data.C(6.5,9,1.6,2.4,1)...

[1mRooFit v3.60 -- Developed by Wouter Verkerke and David Kirkby[0m 
                Copyright (C) 2000-2013 NIKHEF, University of California & Stanford University
                All rights reserved, please read http://roofit.sourceforge.net/license.txt

l_cut: 0.0375
RooDataSet::dataset[mass,pt,y,pt1,pt2,eta1,eta2,weight,ctau3DRes,ctau3D,ctau3DErr,recoQQsign] = 8758896 entries
pt: 6.5-9, y: 1.6-2.4
####################################
******** New Combined Dataset ***********
RooRealVar::mass = 3.05039  L(2.6 - 3.5) // [GeV/c^{2}]
DataStore datasetW ( a dataset)
  Contains 668393 entries
  Observables: 
    1)  ctau3DRes = -0.371128  L(-100000 - 100000)  "c_{#tau}"
    2)     ctau3D = -0.0109586  L(-100000 - 100000) // [mm] "c_{#tau}"
    3)  ctau3DErr = 0.0295277  L(-100000 - 100000) // [mm] "#sigma_{c#tau}"
    4)       mass = 2.77294  L(1 - 6) // [GeV/c^{2}] "mass variable"
    5)         pt = 6.59486  L(0 - 100) // [GeV/c] "pt variable"
    6)          y = -1.73612  L(-5 - 5)  "rapidity of the dimuon pair"

********* Starting Mass Dist. Fit **************

 **********
 **    1 **SET PRINT           1
 **********
 **********
 **    2 **SET NOGRAD
 **********
 PARAMETER DEFINITIONS:
    NO.   NAME         VALUE      STEP SIZE      LIMITS
     1 N_Bkg        9.00000e+07  5.00000e+06    0.00000e+00  1.00000e+08
 MINUIT WARNING IN PARAM DEF
 ============== LIMITS ON PARAM1 TOO FAR APART.
 PARAMETER DEFINITIONS:
    NO.   NAME         VALUE      STEP SIZE      LIMITS
     2 N_Jpsi       9.00000e+07  5.00000e+06    0.00000e+00  1.00000e+08
 MINUIT WARNING IN PARAM DEF
 ============== LIMITS ON PARAM2 TOO FAR APART.
 PARAMETER DEFINITIONS:
    NO.   NAME         VALUE      STEP SIZE      LIMITS
     3 alpha_1_A    2.13521e+00  1.00000e+00    0.00000e+00  1.00000e+01
     4 m_{J/#Psi}   3.09600e+00  2.00000e-02    2.99600e+00  3.19600e+00
     5 sigma_1_A    3.83640e-02  1.20000e-02    0.00000e+00  1.20000e-01
     6 sl1          1.00000e-02  2.00000e-01   -1.00000e+00  1.00000e+00
 **********
 **    3 **SET ERR         0.5
 **********
 **********
 **    4 **SET PRINT           1
 **********
 **********
 **    5 **SET STR           1
 **********
 NOW USING STRATEGY  1: TRY TO BALANCE SPEED AGAINST RELIABILITY
 **********
 **    6 **MIGRAD        3000           1
 **********
 FIRST CALL TO USER FUNCTION AT NEW START POINT, WITH IFLAG=4.
 START MIGRAD MINIMIZATION.  STRATEGY  1.  CONVERGENCE WHEN EDM .LT. 1.00e-03
 FCN=2.58917e+06 FROM MIGRAD    STATUS=INITIATE       75 CALLS          76 TOTAL
                     EDM= unknown      STRATEGY= 1      NO ERROR MATRIX       
  EXT PARAMETER               CURRENT GUESS       STEP         FIRST   
  NO.   NAME      VALUE            ERROR          SIZE      DERIVATIVE 
   1  N_Bkg        5.28075e+03   5.00000e+06   0.00000e+00  -5.97060e+05
   2  N_Jpsi       1.43221e+07   5.00000e+06  -1.72186e+00   3.34185e+07
   3  alpha_1_A    2.13521e+00   1.00000e+00   0.00000e+00   2.70219e+05
   4  m_{J/#Psi}   3.09600e+00   2.00000e-02   0.00000e+00   1.22754e+05
   5  sigma_1_A    3.83640e-02   1.20000e-02   0.00000e+00  -2.11189e+05
   6  sl1          1.00000e-02   2.00000e-01   0.00000e+00  -7.29072e+03
                               ERR DEF= 0.5
 MIGRAD FAILS TO FIND IMPROVEMENT
 MIGRAD MINIMIZATION HAS CONVERGED.
 FCN=-9.09803e+06 FROM MIGRAD    STATUS=CONVERGED     337 CALLS         338 TOTAL
                     EDM=0.000413038    STRATEGY= 1  ERROR MATRIX UNCERTAINTY   4.5 per cent
  EXT PARAMETER                                   STEP         FIRST   
  NO.   NAME      VALUE            ERROR          SIZE      DERIVATIVE 
   1  N_Bkg        6.35659e+04   5.07166e+02   0.00000e+00   6.88845e+01
   2  N_Jpsi       6.04835e+05   8.80311e+02   0.00000e+00  -7.48444e+01
   3  alpha_1_A    2.18062e+00   1.08336e-02   0.00000e+00  -1.14800e+01
   4  m_{J/#Psi}   3.09004e+00   6.71469e-05  -0.00000e+00   7.27609e+00
   5  sigma_1_A    3.98684e-02   5.30317e-05   0.00000e+00  -3.62373e+00
   6  sl1         -1.79935e-01   9.52074e-03  -0.00000e+00  -6.69359e-01
                               ERR DEF= 0.5
 EXTERNAL ERROR MATRIX.    NDIM=  25    NPAR=  6    ERR DEF=0.5
  2.572e+05  1.940e+05  3.884e+00 -5.752e-03 -1.130e-03 -2.247e+00 
  1.940e+05  7.749e+05  4.004e+00 -4.987e-03 -1.107e-04 -2.367e+00 
  3.884e+00  4.004e+00  1.174e-04 -1.827e-07  1.233e-07 -6.191e-05 
 -5.752e-03 -4.987e-03 -1.827e-07  4.509e-09 -4.387e-10  5.599e-08 
 -1.130e-03 -1.107e-04  1.233e-07 -4.387e-10  2.812e-09 -7.047e-08 
 -2.247e+00 -2.367e+00 -6.191e-05  5.599e-08 -7.047e-08  9.065e-05 
 PARAMETER  CORRELATION COEFFICIENTS  
       NO.  GLOBAL      1      2      3      4      5      6
        1  0.74767   1.000  0.435  0.707 -0.169 -0.042 -0.465
        2  0.46567   0.435  1.000  0.420 -0.084 -0.002 -0.282
        3  0.80669   0.707  0.420  1.000 -0.251  0.215 -0.600
        4  0.27381  -0.169 -0.084 -0.251  1.000 -0.123  0.088
        5  0.35938  -0.042 -0.002  0.215 -0.123  1.000 -0.140
        6  0.60774  -0.465 -0.282 -0.600  0.088 -0.140  1.000
Real time 0:00:03, CP time 0.110
Real time 0:00:03, CP time 0.110
 **********
 **    7 **SET ERR         0.5
 **********
 **********
 **    8 **SET PRINT           1
 **********
 **********
 **    9 **HESSE        3000
 **********
 COVARIANCE MATRIX CALCULATED SUCCESSFULLY
 FCN=-9.09803e+06 FROM HESSE     STATUS=OK             46 CALLS         384 TOTAL
                     EDM=0.000313973    STRATEGY= 1      ERROR MATRIX ACCURATE 
  EXT PARAMETER                                INTERNAL      INTERNAL  
  NO.   NAME      VALUE            ERROR       STEP SIZE       VALUE   
   1  N_Bkg        6.35659e+04   4.94682e+02   2.77470e-04  -1.52037e+00
   2  N_Jpsi       6.04835e+05   8.87016e+02   2.13878e-04  -1.72650e+00
   3  alpha_1_A    2.18062e+00   1.06361e-02   3.21992e-03  -5.99072e-01
   4  m_{J/#Psi}   3.09004e+00   6.86258e-05   1.39385e-03  -5.96638e-02
   5  sigma_1_A    3.98684e-02   5.29690e-05   1.82535e-03  -3.42164e-01
   6  sl1         -1.79935e-01   9.17280e-03   1.55413e-02  -1.80920e-01
                               ERR DEF= 0.5
 EXTERNAL ERROR MATRIX.    NDIM=  25    NPAR=  6    ERR DEF=0.5
  2.447e+05  1.816e+05  3.658e+00 -4.320e-03 -7.251e-04 -2.023e+00 
  1.816e+05  7.868e+05  3.670e+00 -4.334e-03 -7.210e-04 -2.030e+00 
  3.658e+00  3.670e+00  1.131e-04 -1.523e-07  1.279e-07 -5.804e-05 
 -4.320e-03 -4.334e-03 -1.523e-07  4.709e-09 -3.923e-10  4.252e-08 
 -7.251e-04 -7.210e-04  1.279e-07 -3.923e-10  2.806e-09 -6.989e-08 
 -2.023e+00 -2.030e+00 -5.804e-05  4.252e-08 -6.989e-08  8.414e-05 
 PARAMETER  CORRELATION COEFFICIENTS  
       NO.  GLOBAL      1      2      3      4      5      6
        1  0.73442   1.000  0.414  0.695 -0.127 -0.028 -0.446
        2  0.44085   0.414  1.000  0.389 -0.071 -0.015 -0.249
        3  0.79955   0.695  0.389  1.000 -0.209  0.227 -0.595
        4  0.22902  -0.127 -0.071 -0.209  1.000 -0.108  0.068
        5  0.35423  -0.028 -0.015  0.227 -0.108  1.000 -0.144
        6  0.59990  -0.446 -0.249 -0.595  0.068 -0.144  1.000
Real time 0:00:00, CP time 0.010
Real time 0:00:03, CP time 0.120, 2 slices

********* Finished Mass Dist. Fit **************


  RooFitResult: minimized FCN value: -9.09803e+06, estimated distance to minimum: 0.000313973
                covariance matrix quality: Full, accurate covariance matrix
                Status : MINIMIZE=0 HESSE=0 

    Floating Parameter    FinalValue +/-  Error   
  --------------------  --------------------------
                 N_Bkg    6.3566e+04 +/-  4.95e+02
                N_Jpsi    6.0484e+05 +/-  8.87e+02
             alpha_1_A    2.1806e+00 +/-  1.06e-02
            m_{J/#Psi}    3.0900e+00 +/-  6.86e-05
             sigma_1_A    3.9868e-02 +/-  5.30e-05
                   sl1   -1.7993e-01 +/-  9.17e-03

 *** NLL : -9098034.65159341
SysError in <TFile::TFile>: file roots/PRMC/Mass_FixedFitResult_pt6.5-9.0_y1.6-2.4_muPt0.0_PRw_Effw0_Accw0_PtW0_TnP0.root can not be opened (No such file or directory)
Error in <TROOT::WriteTObject>: The current directory (Rint) is not associated with a file. The object (pdfMASS_Tot) has not been written.
Error in <TROOT::WriteTObject>: The current directory (Rint) is not associated with a file. The object (pdfMASS_bkg) has not been written.
Error in <TROOT::WriteTObject>: The current directory (Rint) is not associated with a file. The object (datasetMass) has not been written.
Error in <TROOT::WriteTObject>: The current directory (Rint) is not associated with a file. The object (fitResults) has not been written.
Error in <TROOT::WriteTObject>: The current directory (Rint) is not associated with a file. The object (fitresult_pdfMASS_Tot_dsAB) has not been written.
ERROR in TPDF::Open: Cannot open file:figs/PRMC/Mass_Fixed_pt6.5-9.0_y1.6-2.4_muPt0.0_PRw_Effw0_Accw0_PtW0_TnP0.pdf

Processing MassFit_FixPar_Data.C(9,12,1.6,2.4,1)...

[1mRooFit v3.60 -- Developed by Wouter Verkerke and David Kirkby[0m 
                Copyright (C) 2000-2013 NIKHEF, University of California & Stanford University
                All rights reserved, please read http://roofit.sourceforge.net/license.txt

l_cut: 0.0325
RooDataSet::dataset[mass,pt,y,pt1,pt2,eta1,eta2,weight,ctau3DRes,ctau3D,ctau3DErr,recoQQsign] = 8758896 entries
pt: 9-12, y: 1.6-2.4
####################################
******** New Combined Dataset ***********
RooRealVar::mass = 3.05039  L(2.6 - 3.5) // [GeV/c^{2}]
DataStore datasetW ( a dataset)
  Contains 248705 entries
  Observables: 
    1)  ctau3DRes = -0.0894246  L(-100000 - 100000)  "c_{#tau}"
    2)     ctau3D = -0.00232405  L(-100000 - 100000) // [mm] "c_{#tau}"
    3)  ctau3DErr = 0.025989  L(-100000 - 100000) // [mm] "#sigma_{c#tau}"
    4)       mass = 3.0682  L(1 - 6) // [GeV/c^{2}] "mass variable"
    5)         pt = 9.19073  L(0 - 100) // [GeV/c] "pt variable"
    6)          y = 1.68769  L(-5 - 5)  "rapidity of the dimuon pair"

********* Starting Mass Dist. Fit **************

 **********
 **    1 **SET PRINT           1
 **********
 **********
 **    2 **SET NOGRAD
 **********
 PARAMETER DEFINITIONS:
    NO.   NAME         VALUE      STEP SIZE      LIMITS
     1 N_Bkg        9.00000e+07  5.00000e+06    0.00000e+00  1.00000e+08
 MINUIT WARNING IN PARAM DEF
 ============== LIMITS ON PARAM1 TOO FAR APART.
 PARAMETER DEFINITIONS:
    NO.   NAME         VALUE      STEP SIZE      LIMITS
     2 N_Jpsi       9.00000e+07  5.00000e+06    0.00000e+00  1.00000e+08
 MINUIT WARNING IN PARAM DEF
 ============== LIMITS ON PARAM2 TOO FAR APART.
 PARAMETER DEFINITIONS:
    NO.   NAME         VALUE      STEP SIZE      LIMITS
     3 alpha_1_A    2.23500e+00  1.00000e+00    0.00000e+00  1.00000e+01
     4 m_{J/#Psi}   3.09600e+00  2.00000e-02    2.99600e+00  3.19600e+00
     5 sigma_1_A    3.98782e-02  1.20000e-02    0.00000e+00  1.20000e-01
     6 sl1          1.00000e-02  2.00000e-01   -1.00000e+00  1.00000e+00
 **********
 **    3 **SET ERR         0.5
 **********
 **********
 **    4 **SET PRINT           1
 **********
 **********
 **    5 **SET STR           1
 **********
 NOW USING STRATEGY  1: TRY TO BALANCE SPEED AGAINST RELIABILITY
 **********
 **    6 **MIGRAD        3000           1
 **********
 FIRST CALL TO USER FUNCTION AT NEW START POINT, WITH IFLAG=4.
 START MIGRAD MINIMIZATION.  STRATEGY  1.  CONVERGENCE WHEN EDM .LT. 1.00e-03
 FCN=9.94252e+06 FROM MIGRAD    STATUS=INITIATE       73 CALLS          74 TOTAL
                     EDM= unknown      STRATEGY= 1      NO ERROR MATRIX       
  EXT PARAMETER               CURRENT GUESS       STEP         FIRST   
  NO.   NAME      VALUE            ERROR          SIZE      DERIVATIVE 
   1  N_Bkg        3.92410e+03   5.00000e+06   0.00000e+00   2.30968e+05
   2  N_Jpsi       1.43221e+07   5.00000e+06  -1.72186e+00   3.44275e+07
   3  alpha_1_A    2.23500e+00   1.00000e+00   0.00000e+00   8.83772e+04
   4  m_{J/#Psi}   3.09600e+00   2.00000e-02   0.00000e+00   4.64544e+04
   5  sigma_1_A    3.98782e-02   1.20000e-02   0.00000e+00  -7.42288e+04
   6  sl1          1.00000e-02   2.00000e-01   0.00000e+00  -1.94259e+03
                               ERR DEF= 0.5
 MIGRAD FAILS TO FIND IMPROVEMENT
 MIGRAD MINIMIZATION HAS CONVERGED.
 FCN=-3.14955e+06 FROM MIGRAD    STATUS=CONVERGED     339 CALLS         340 TOTAL
                     EDM=0.000148719    STRATEGY= 1  ERROR MATRIX UNCERTAINTY   3.6 per cent
  EXT PARAMETER                                   STEP         FIRST   
  NO.   NAME      VALUE            ERROR          SIZE      DERIVATIVE 
   1  N_Bkg        1.99543e+04   3.09083e+02   0.00000e+00  -6.89807e+00
   2  N_Jpsi       2.28747e+05   5.45307e+02  -0.00000e+00   7.53256e+01
   3  alpha_1_A    2.27376e+00   1.95939e-02   0.00000e+00  -4.46976e+00
   4  m_{J/#Psi}   3.09027e+00   1.09446e-04  -0.00000e+00  -2.27678e+00
   5  sigma_1_A    4.18317e-02   9.09236e-05   0.00000e+00   1.22005e+00
   6  sl1         -1.77907e-01   1.84805e-02  -0.00000e+00  -3.07521e-01
                               ERR DEF= 0.5
 EXTERNAL ERROR MATRIX.    NDIM=  25    NPAR=  6    ERR DEF=0.5
  9.553e+04  7.459e+04  4.515e+00 -4.612e-03 -3.614e-05 -3.043e+00 
  7.459e+04  2.974e+05  4.465e+00 -4.876e-03  2.476e-04 -3.008e+00 
  4.515e+00  4.465e+00  3.839e-04 -4.256e-07  4.176e-07 -2.349e-04 
 -4.612e-03 -4.876e-03 -4.256e-07  1.198e-08 -1.008e-09  1.354e-07 
 -3.614e-05  2.476e-04  4.176e-07 -1.008e-09  8.267e-09 -2.504e-07 
 -3.043e+00 -3.008e+00 -2.349e-04  1.354e-07 -2.504e-07  3.416e-04 
 PARAMETER  CORRELATION COEFFICIENTS  
       NO.  GLOBAL      1      2      3      4      5      6
        1  0.77962   1.000  0.443  0.745 -0.136 -0.001 -0.533
        2  0.46427   0.443  1.000  0.418 -0.082  0.005 -0.298
        3  0.83093   0.745  0.418  1.000 -0.198  0.234 -0.649
        4  0.22181  -0.136 -0.082 -0.198  1.000 -0.101  0.067
        5  0.36076  -0.001  0.005  0.234 -0.101  1.000 -0.149
        6  0.65637  -0.533 -0.298 -0.649  0.067 -0.149  1.000
Real time 0:00:01, CP time 0.090
Real time 0:00:01, CP time 0.090
 **********
 **    7 **SET ERR         0.5
 **********
 **********
 **    8 **SET PRINT           1
 **********
 **********
 **    9 **HESSE        3000
 **********
 COVARIANCE MATRIX CALCULATED SUCCESSFULLY
 FCN=-3.14955e+06 FROM HESSE     STATUS=OK             48 CALLS         388 TOTAL
                     EDM=0.000140494    STRATEGY= 1      ERROR MATRIX ACCURATE 
  EXT PARAMETER                                INTERNAL      INTERNAL  
  NO.   NAME      VALUE            ERROR       STEP SIZE       VALUE   
   1  N_Bkg        1.99543e+04   3.01033e+02   1.67058e-04  -1.54254e+00
   2  N_Jpsi       2.28747e+05   5.47492e+02   1.25234e-04  -1.66649e+00
   3  alpha_1_A    2.27376e+00   1.91687e-02   3.14113e-03  -5.76685e-01
   4  m_{J/#Psi}   3.09027e+00   1.10245e-04   1.32098e-03  -5.73588e-02
   5  sigma_1_A    4.18317e-02   8.93260e-05   1.79839e-03  -3.07635e-01
   6  sl1         -1.77907e-01   1.74130e-02   1.64933e-02  -1.78859e-01
                               ERR DEF= 0.5
 EXTERNAL ERROR MATRIX.    NDIM=  25    NPAR=  6    ERR DEF=0.5
  9.062e+04  7.084e+04  4.254e+00 -4.354e-03 -2.481e-04 -2.656e+00 
  7.084e+04  2.997e+05  4.267e+00 -4.368e-03 -2.423e-04 -2.665e+00 
  4.254e+00  4.267e+00  3.674e-04 -4.196e-07  3.747e-07 -2.154e-04 
 -4.354e-03 -4.368e-03 -4.196e-07  1.215e-08 -9.549e-10  1.458e-07 
 -2.481e-04 -2.423e-04  3.747e-07 -9.549e-10  7.979e-09 -2.368e-07 
 -2.656e+00 -2.665e+00 -2.154e-04  1.458e-07 -2.368e-07  3.032e-04 
 PARAMETER  CORRELATION COEFFICIENTS  
       NO.  GLOBAL      1      2      3      4      5      6
        1  0.76880   1.000  0.430  0.737 -0.131 -0.009 -0.507
        2  0.45261   0.430  1.000  0.407 -0.072 -0.005 -0.279
        3  0.82742   0.737  0.407  1.000 -0.199  0.219 -0.645
        4  0.21728  -0.131 -0.072 -0.199  1.000 -0.097  0.076
        5  0.34297  -0.009 -0.005  0.219 -0.097  1.000 -0.152
        6  0.64963  -0.507 -0.279 -0.645  0.076 -0.152  1.000
Real time 0:00:00, CP time 0.010
Real time 0:00:01, CP time 0.100, 2 slices

********* Finished Mass Dist. Fit **************


  RooFitResult: minimized FCN value: -3.14955e+06, estimated distance to minimum: 0.000140494
                covariance matrix quality: Full, accurate covariance matrix
                Status : MINIMIZE=0 HESSE=0 

    Floating Parameter    FinalValue +/-  Error   
  --------------------  --------------------------
                 N_Bkg    1.9954e+04 +/-  3.01e+02
                N_Jpsi    2.2875e+05 +/-  5.47e+02
             alpha_1_A    2.2738e+00 +/-  1.92e-02
            m_{J/#Psi}    3.0903e+00 +/-  1.10e-04
             sigma_1_A    4.1832e-02 +/-  8.93e-05
                   sl1   -1.7791e-01 +/-  1.74e-02

 *** NLL : -3149548.30182352
SysError in <TFile::TFile>: file roots/PRMC/Mass_FixedFitResult_pt9.0-12.0_y1.6-2.4_muPt0.0_PRw_Effw0_Accw0_PtW0_TnP0.root can not be opened (No such file or directory)
Error in <TROOT::WriteTObject>: The current directory (Rint) is not associated with a file. The object (pdfMASS_Tot) has not been written.
Error in <TROOT::WriteTObject>: The current directory (Rint) is not associated with a file. The object (pdfMASS_bkg) has not been written.
Error in <TROOT::WriteTObject>: The current directory (Rint) is not associated with a file. The object (datasetMass) has not been written.
Error in <TROOT::WriteTObject>: The current directory (Rint) is not associated with a file. The object (fitResults) has not been written.
Error in <TROOT::WriteTObject>: The current directory (Rint) is not associated with a file. The object (fitresult_pdfMASS_Tot_dsAB) has not been written.
ERROR in TPDF::Open: Cannot open file:figs/PRMC/Mass_Fixed_pt9.0-12.0_y1.6-2.4_muPt0.0_PRw_Effw0_Accw0_PtW0_TnP0.pdf

Processing MassFit_FixPar_Data.C(12,40,1.6,2.4,1)...

[1mRooFit v3.60 -- Developed by Wouter Verkerke and David Kirkby[0m 
                Copyright (C) 2000-2013 NIKHEF, University of California & Stanford University
                All rights reserved, please read http://roofit.sourceforge.net/license.txt

l_cut: 0.0245
RooDataSet::dataset[mass,pt,y,pt1,pt2,eta1,eta2,weight,ctau3DRes,ctau3D,ctau3DErr,recoQQsign] = 8758896 entries
pt: 12-40, y: 1.6-2.4
####################################
******** New Combined Dataset ***********
RooRealVar::mass = 3.05039  L(2.6 - 3.5) // [GeV/c^{2}]
DataStore datasetW ( a dataset)
  Contains 111262 entries
  Observables: 
    1)  ctau3DRes = -0.858597  L(-100000 - 100000)  "c_{#tau}"
    2)     ctau3D = -0.010388  L(-100000 - 100000) // [mm] "c_{#tau}"
    3)  ctau3DErr = 0.0120988  L(-100000 - 100000) // [mm] "#sigma_{c#tau}"
    4)       mass = 3.16026  L(1 - 6) // [GeV/c^{2}] "mass variable"
    5)         pt = 35.1193  L(0 - 100) // [GeV/c] "pt variable"
    6)          y = 1.70505  L(-5 - 5)  "rapidity of the dimuon pair"

********* Starting Mass Dist. Fit **************

 **********
 **    1 **SET PRINT           1
 **********
 **********
 **    2 **SET NOGRAD
 **********
 PARAMETER DEFINITIONS:
    NO.   NAME         VALUE      STEP SIZE      LIMITS
     1 N_Bkg        9.00000e+07  5.00000e+06    0.00000e+00  1.00000e+08
 MINUIT WARNING IN PARAM DEF
 ============== LIMITS ON PARAM1 TOO FAR APART.
 PARAMETER DEFINITIONS:
    NO.   NAME         VALUE      STEP SIZE      LIMITS
     2 N_Jpsi       9.00000e+07  5.00000e+06    0.00000e+00  1.00000e+08
 MINUIT WARNING IN PARAM DEF
 ============== LIMITS ON PARAM2 TOO FAR APART.
 PARAMETER DEFINITIONS:
    NO.   NAME         VALUE      STEP SIZE      LIMITS
     3 alpha_1_A    2.21089e+00  1.00000e+00    0.00000e+00  1.00000e+01
     4 m_{J/#Psi}   3.09600e+00  2.00000e-02    2.99600e+00  3.19600e+00
     5 sigma_1_A    3.56489e-02  1.20000e-02    0.00000e+00  1.20000e-01
     6 sl1          1.00000e-02  2.00000e-01   -1.00000e+00  1.00000e+00
 **********
 **    3 **SET ERR         0.5
 **********
 **********
 **    4 **SET PRINT           1
 **********
 **********
 **    5 **SET STR           1
 **********
 NOW USING STRATEGY  1: TRY TO BALANCE SPEED AGAINST RELIABILITY
 **********
 **    6 **MIGRAD        3000           1
 **********
 FIRST CALL TO USER FUNCTION AT NEW START POINT, WITH IFLAG=4.
 START MIGRAD MINIMIZATION.  STRATEGY  1.  CONVERGENCE WHEN EDM .LT. 1.00e-03
 FCN=1.2375e+07 FROM MIGRAD    STATUS=INITIATE       71 CALLS          72 TOTAL
                     EDM= unknown      STRATEGY= 1      NO ERROR MATRIX       
  EXT PARAMETER               CURRENT GUESS       STEP         FIRST   
  NO.   NAME      VALUE            ERROR          SIZE      DERIVATIVE 
   1  N_Bkg        3.61607e+03   5.00000e+06   0.00000e+00   3.24085e+05
   2  N_Jpsi       1.43221e+07   5.00000e+06  -1.72186e+00   3.47617e+07
   3  alpha_1_A    2.21089e+00   1.00000e+00   0.00000e+00   4.83759e+04
   4  m_{J/#Psi}   3.09600e+00   2.00000e-02   0.00000e+00   2.16538e+04
   5  sigma_1_A    3.56489e-02   1.20000e-02   0.00000e+00  -4.04442e+04
   6  sl1          1.00000e-02   2.00000e-01   0.00000e+00  -1.28736e+03
                               ERR DEF= 0.5
 MIGRAD MINIMIZATION HAS CONVERGED.
 FCN=-1.31396e+06 FROM MIGRAD    STATUS=CONVERGED     256 CALLS         257 TOTAL
                     EDM=1.34266e-05    STRATEGY= 1  ERROR MATRIX UNCERTAINTY   2.3 per cent
  EXT PARAMETER                                   STEP         FIRST   
  NO.   NAME      VALUE            ERROR          SIZE      DERIVATIVE 
   1  N_Bkg        1.14188e+04   2.09359e+02   1.91107e-06  -9.34835e+00
   2  N_Jpsi       9.98431e+04   3.65774e+02   6.27286e-07  -4.30378e-01
   3  alpha_1_A    2.26809e+00   3.01834e-02   5.67194e-05  -1.99234e-01
   4  m_{J/#Psi}   3.08945e+00   1.63061e-04   1.10779e-05  -2.60185e+00
   5  sigma_1_A    3.65609e-02   1.18717e-04  -3.15451e-05   1.26443e+00
   6  sl1         -1.76521e-01   2.17088e-02  -1.14831e-05  -4.81483e-02
                               ERR DEF= 0.5
 EXTERNAL ERROR MATRIX.    NDIM=  25    NPAR=  6    ERR DEF=0.5
  4.383e+04  3.323e+04  4.474e+00 -4.170e-03 -1.046e-03 -1.966e+00 
  3.323e+04  1.338e+05  4.420e+00 -4.524e-03 -1.152e-03 -1.911e+00 
  4.474e+00  4.420e+00  9.111e-04 -8.858e-07  7.044e-07 -3.882e-04 
 -4.170e-03 -4.524e-03 -8.858e-07  2.659e-08 -1.992e-09  1.822e-07 
 -1.046e-03 -1.152e-03  7.044e-07 -1.992e-09  1.409e-08 -3.377e-07 
 -1.966e+00 -1.911e+00 -3.882e-04  1.822e-07 -3.377e-07  4.713e-04 
 PARAMETER  CORRELATION COEFFICIENTS  
       NO.  GLOBAL      1      2      3      4      5      6
        1  0.74590   1.000  0.434  0.708 -0.122 -0.042 -0.433
        2  0.45673   0.434  1.000  0.400 -0.076 -0.027 -0.241
        3  0.80373   0.708  0.400  1.000 -0.180  0.197 -0.592
        4  0.20562  -0.122 -0.076 -0.180  1.000 -0.103  0.051
        5  0.33624  -0.042 -0.027  0.197 -0.103  1.000 -0.131
        6  0.59589  -0.433 -0.241 -0.592  0.051 -0.131  1.000
Real time 0:00:00, CP time 0.080
Real time 0:00:00, CP time 0.080
 **********
 **    7 **SET ERR         0.5
 **********
 **********
 **    8 **SET PRINT           1
 **********
 **********
 **    9 **HESSE        3000
 **********
 COVARIANCE MATRIX CALCULATED SUCCESSFULLY
 FCN=-1.31396e+06 FROM HESSE     STATUS=OK             50 CALLS         307 TOTAL
                     EDM=0.00022235    STRATEGY= 1      ERROR MATRIX ACCURATE 
  EXT PARAMETER                                INTERNAL      INTERNAL  
  NO.   NAME      VALUE            ERROR       STEP SIZE       VALUE   
   1  N_Bkg        1.14188e+04   2.05295e+02   1.03378e-04  -1.54942e+00
   2  N_Jpsi       9.98431e+04   3.61533e+02   8.11362e-05  -1.63400e+00
   3  alpha_1_A    2.26809e+00   3.00308e-02   3.42075e-03  -5.78038e-01
   4  m_{J/#Psi}   3.08945e+00   1.67698e-04   1.30278e-03  -6.55395e-02
   5  sigma_1_A    3.65609e-02   1.19205e-04   1.60745e-03  -4.01339e-01
   6  sl1         -1.76521e-01   2.14433e-02   1.38832e-02  -1.77451e-01
                               ERR DEF= 0.5
 EXTERNAL ERROR MATRIX.    NDIM=  25    NPAR=  6    ERR DEF=0.5
  4.215e+04  3.080e+04  4.283e+00 -3.948e-03 -1.370e-03 -1.880e+00 
  3.080e+04  1.307e+05  4.296e+00 -3.961e-03 -1.368e-03 -1.887e+00 
  4.283e+00  4.296e+00  9.019e-04 -9.239e-07  6.947e-07 -3.794e-04 
 -3.948e-03 -3.961e-03 -9.239e-07  2.812e-08 -1.596e-09  1.813e-07 
 -1.370e-03 -1.368e-03  6.947e-07 -1.596e-09  1.421e-08 -3.384e-07 
 -1.880e+00 -1.887e+00 -3.794e-04  1.813e-07 -3.384e-07  4.599e-04 
 PARAMETER  CORRELATION COEFFICIENTS  
       NO.  GLOBAL      1      2      3      4      5      6
        1  0.73345   1.000  0.415  0.695 -0.115 -0.056 -0.427
        2  0.44519   0.415  1.000  0.396 -0.065 -0.032 -0.243
        3  0.79778   0.695  0.396  1.000 -0.183  0.194 -0.589
        4  0.20235  -0.115 -0.065 -0.183  1.000 -0.080  0.050
        5  0.33878  -0.056 -0.032  0.194 -0.080  1.000 -0.132
        6  0.59331  -0.427 -0.243 -0.589  0.050 -0.132  1.000
Real time 0:00:00, CP time 0.000
Real time 0:00:00, CP time 0.080, 2 slices

********* Finished Mass Dist. Fit **************


  RooFitResult: minimized FCN value: -1.31396e+06, estimated distance to minimum: 0.00022235
                covariance matrix quality: Full, accurate covariance matrix
                Status : MINIMIZE=0 HESSE=0 

    Floating Parameter    FinalValue +/-  Error   
  --------------------  --------------------------
                 N_Bkg    1.1419e+04 +/-  2.05e+02
                N_Jpsi    9.9843e+04 +/-  3.62e+02
             alpha_1_A    2.2681e+00 +/-  3.00e-02
            m_{J/#Psi}    3.0895e+00 +/-  1.68e-04
             sigma_1_A    3.6561e-02 +/-  1.19e-04
                   sl1   -1.7652e-01 +/-  2.14e-02

 *** NLL : -1313955.99472682
SysError in <TFile::TFile>: file roots/PRMC/Mass_FixedFitResult_pt12.0-40.0_y1.6-2.4_muPt0.0_PRw_Effw0_Accw0_PtW0_TnP0.root can not be opened (No such file or directory)
Error in <TROOT::WriteTObject>: The current directory (Rint) is not associated with a file. The object (pdfMASS_Tot) has not been written.
Error in <TROOT::WriteTObject>: The current directory (Rint) is not associated with a file. The object (pdfMASS_bkg) has not been written.
Error in <TROOT::WriteTObject>: The current directory (Rint) is not associated with a file. The object (datasetMass) has not been written.
Error in <TROOT::WriteTObject>: The current directory (Rint) is not associated with a file. The object (fitResults) has not been written.
Error in <TROOT::WriteTObject>: The current directory (Rint) is not associated with a file. The object (fitresult_pdfMASS_Tot_dsAB) has not been written.
ERROR in TPDF::Open: Cannot open file:figs/PRMC/Mass_Fixed_pt12.0-40.0_y1.6-2.4_muPt0.0_PRw_Effw0_Accw0_PtW0_TnP0.pdf

Processing MassFit_FixPar_Data.C(3.5,40,1.6,2.4,1)...

[1mRooFit v3.60 -- Developed by Wouter Verkerke and David Kirkby[0m 
                Copyright (C) 2000-2013 NIKHEF, University of California & Stanford University
                All rights reserved, please read http://roofit.sourceforge.net/license.txt

l_cut: 0.0365
RooDataSet::dataset[mass,pt,y,pt1,pt2,eta1,eta2,weight,ctau3DRes,ctau3D,ctau3DErr,recoQQsign] = 8758896 entries
pt: 3.5-40, y: 1.6-2.4
####################################
******** New Combined Dataset ***********
RooRealVar::mass = 3.05039  L(2.6 - 3.5) // [GeV/c^{2}]
DataStore datasetW ( a dataset)
  Contains 2719464 entries
  Observables: 
    1)  ctau3DRes = 0.848184  L(-100000 - 100000)  "c_{#tau}"
    2)     ctau3D = 0.0300638  L(-100000 - 100000) // [mm] "c_{#tau}"
    3)  ctau3DErr = 0.035445  L(-100000 - 100000) // [mm] "#sigma_{c#tau}"
    4)       mass = 3.05039  L(1 - 6) // [GeV/c^{2}] "mass variable"
    5)         pt = 4.28663  L(0 - 100) // [GeV/c] "pt variable"
    6)          y = -1.92495  L(-5 - 5)  "rapidity of the dimuon pair"

********* Starting Mass Dist. Fit **************

 **********
 **    1 **SET PRINT           1
 **********
 **********
 **    2 **SET NOGRAD
 **********
 PARAMETER DEFINITIONS:
    NO.   NAME         VALUE      STEP SIZE      LIMITS
     1 N_Bkg        9.00000e+07  5.00000e+06    0.00000e+00  1.00000e+08
 MINUIT WARNING IN PARAM DEF
 ============== LIMITS ON PARAM1 TOO FAR APART.
 PARAMETER DEFINITIONS:
    NO.   NAME         VALUE      STEP SIZE      LIMITS
     2 N_Jpsi       9.00000e+07  5.00000e+06    0.00000e+00  1.00000e+08
 MINUIT WARNING IN PARAM DEF
 ============== LIMITS ON PARAM2 TOO FAR APART.
 PARAMETER DEFINITIONS:
    NO.   NAME         VALUE      STEP SIZE      LIMITS
     3 alpha_1_A    2.10140e+00  1.00000e+00    0.00000e+00  1.00000e+01
     4 m_{J/#Psi}   3.09600e+00  2.00000e-02    2.99600e+00  3.19600e+00
     5 sigma_1_A    3.74867e-02  1.20000e-02    0.00000e+00  1.20000e-01
     6 sl1          1.00000e-02  2.00000e-01   -1.00000e+00  1.00000e+00
 **********
 **    3 **SET ERR         0.5
 **********
 **********
 **    4 **SET PRINT           1
 **********
 **********
 **    5 **SET STR           1
 **********
 NOW USING STRATEGY  1: TRY TO BALANCE SPEED AGAINST RELIABILITY
 **********
 **    6 **MIGRAD        3000           1
 **********
 FIRST CALL TO USER FUNCTION AT NEW START POINT, WITH IFLAG=4.
 START MIGRAD MINIMIZATION.  STRATEGY  1.  CONVERGENCE WHEN EDM .LT. 1.00e-03
 FCN=-3.30456e+07 FROM MIGRAD    STATUS=INITIATE       75 CALLS          76 TOTAL
                     EDM= unknown      STRATEGY= 1      NO ERROR MATRIX       
  EXT PARAMETER               CURRENT GUESS       STEP         FIRST   
  NO.   NAME      VALUE            ERROR          SIZE      DERIVATIVE 
   1  N_Bkg        1.52828e+04   5.00000e+06   0.00000e+00  -4.33784e+06
   2  N_Jpsi       1.43221e+07   5.00000e+06  -1.72186e+00   2.85469e+07
   3  alpha_1_A    2.10140e+00   1.00000e+00   0.00000e+00   1.39810e+06
   4  m_{J/#Psi}   3.09600e+00   2.00000e-02   0.00000e+00   4.68737e+05
   5  sigma_1_A    3.74867e-02   1.20000e-02   0.00000e+00  -1.05924e+06
   6  sl1          1.00000e-02   2.00000e-01   0.00000e+00  -4.67868e+04
                               ERR DEF= 0.5
 MINUIT WARNING IN MIGRAD  
 ============== Negative diagonal element 1 in Error Matrix
 MINUIT WARNING IN MIGRAD  
 ============== Negative diagonal element 5 in Error Matrix
 MINUIT WARNING IN MIGRAD  
 ============== Negative diagonal element 6 in Error Matrix
 MINUIT WARNING IN MIGRAD  
 ============== 1.00068 added to diagonal of error matrix
 MIGRAD FAILS TO FIND IMPROVEMENT
 MACHINE ACCURACY LIMITS FURTHER IMPROVEMENT.
 MIGRAD MINIMIZATION HAS CONVERGED.
 MIGRAD WILL VERIFY CONVERGENCE AND ERROR MATRIX.
 COVARIANCE MATRIX CALCULATED SUCCESSFULLY
 FCN=-4.05765e+07 FROM HESSE     STATUS=OK             48 CALLS         442 TOTAL
                     EDM=0.000527771    STRATEGY= 1      ERROR MATRIX ACCURATE 
  EXT PARAMETER                                   STEP         FIRST   
  NO.   NAME      VALUE            ERROR          SIZE      DERIVATIVE 
