
[1mRooFit v3.60 -- Developed by Wouter Verkerke and David Kirkby[0m 
                Copyright (C) 2000-2013 NIKHEF, University of California & Stanford University
                All rights reserved, please read http://roofit.sourceforge.net/license.txt


Processing MassFit_FixPar_Data.C(3.5,6.5,1.6,2.4,0,180,1)...

[1mRooFit v3.60 -- Developed by Wouter Verkerke and David Kirkby[0m 
                Copyright (C) 2000-2013 NIKHEF, University of California & Stanford University
                All rights reserved, please read http://roofit.sourceforge.net/license.txt

l_cut: 0.0485
RooDataSet::dataset[mass,pt,y,pt1,pt2,eta1,eta2,weight,cBin,recoQQsign,NumDimu,ctau3D,ctau3DErr,ctau3DRes] = 897667 entries
pt: 3.5-6.5, y: 1.6-2.4, Cent: 0-180%
####################################
******** New Combined Dataset ***********
RooRealVar::mass = 3.17226  L(2.6 - 3.5) // [GeV/c^{2}]
psi 2S MASS : 3.686

********* Starting Mass Dist. Fit **************

 **********
 **    1 **SET PRINT           1
 **********
 **********
 **    2 **SET NOGRAD
 **********
 PARAMETER DEFINITIONS:
    NO.   NAME         VALUE      STEP SIZE      LIMITS
     1 N_Bkg        1.00000e+07  2.00000e+06    0.00000e+00  2.00000e+07
 MINUIT WARNING IN PARAM DEF
 ============== LIMITS ON PARAM1 TOO FAR APART.
 PARAMETER DEFINITIONS:
    NO.   NAME         VALUE      STEP SIZE      LIMITS
     2 N_Jpsi       5.00000e+06  1.00000e+06    0.00000e+00  1.00000e+07
     3 m_{J/#Psi}   3.09600e+00  1.00000e-02    3.04600e+00  3.14600e+00
     4 sigma_1_A    4.27492e-02  2.13746e-02    0.00000e+00  5.00000e-01
     5 sl1          0.00000e+00  2.00000e-01   -1.00000e+00  1.00000e+00
     6 sl2          0.00000e+00  2.00000e-01   -1.00000e+00  1.00000e+00
 **********
 **    3 **SET ERR         0.5
 **********
 **********
 **    4 **SET PRINT           1
 **********
 **********
 **    5 **SET STR           1
 **********
 NOW USING STRATEGY  1: TRY TO BALANCE SPEED AGAINST RELIABILITY
 **********
 **    6 **MIGRAD        3000           1
 **********
 FIRST CALL TO USER FUNCTION AT NEW START POINT, WITH IFLAG=4.
 START MIGRAD MINIMIZATION.  STRATEGY  1.  CONVERGENCE WHEN EDM .LT. 1.00e-03
 FCN=1.05532e+07 FROM MIGRAD    STATUS=INITIATE       28 CALLS          29 TOTAL
                     EDM= unknown      STRATEGY= 1      NO ERROR MATRIX       
  EXT PARAMETER               CURRENT GUESS       STEP         FIRST   
  NO.   NAME      VALUE            ERROR          SIZE      DERIVATIVE 
   1  N_Bkg        1.00000e+07   2.00000e+06   2.01358e-01   9.80719e+06
   2  N_Jpsi       5.00000e+06   1.00000e+06   2.01358e-01   4.92535e+06
   3  m_{J/#Psi}   3.09600e+00   1.00000e-02   2.01358e-01   4.00202e+03
   4  sigma_1_A    4.27492e-02   2.13746e-02   1.57989e-01  -3.16197e+04
   5  sl1          0.00000e+00   2.00000e-01   2.01358e-01   7.78461e+01
   6  sl2          0.00000e+00   2.00000e-01   2.01358e-01  -7.39697e+03
                               ERR DEF= 0.5
 MIGRAD MINIMIZATION HAS CONVERGED.
 MIGRAD WILL VERIFY CONVERGENCE AND ERROR MATRIX.
 COVARIANCE MATRIX CALCULATED SUCCESSFULLY
 FCN=-3.11053e+06 FROM MIGRAD    STATUS=CONVERGED     256 CALLS         257 TOTAL
                     EDM=9.18282e-06    STRATEGY= 1      ERROR MATRIX ACCURATE 
  EXT PARAMETER                                   STEP         FIRST   
  NO.   NAME      VALUE            ERROR          SIZE      DERIVATIVE 
   1  N_Bkg        2.07650e+05   6.46135e+02   2.94157e-04   7.57878e+00
   2  N_Jpsi       5.87886e+04   5.18312e+02   5.32126e-04  -6.12687e-01
   3  m_{J/#Psi}   3.08874e+00   3.46887e-04   8.47220e-03  -1.63729e-01
   4  sigma_1_A    4.42105e-02   3.87612e-04   2.53499e-03   1.07791e+00
   5  sl1          1.88510e-02   3.87253e-03   4.67452e-03  -9.81104e-02
   6  sl2         -1.73895e-02   5.07187e-03   4.85506e-03  -7.36980e-02
                               ERR DEF= 0.5
 EXTERNAL ERROR MATRIX.    NDIM=  25    NPAR=  6    ERR DEF=0.5
  4.175e+05  2.099e+05  7.587e-03 -1.259e-01  1.485e-01 -1.571e+00 
  2.099e+05  2.686e+05  7.589e-03 -1.259e-01  1.486e-01 -1.572e+00 
  7.587e-03  7.589e-03  1.203e-07 -6.929e-09 -1.407e-07 -9.696e-08 
 -1.259e-01 -1.259e-01 -6.929e-09  1.502e-07 -9.318e-08  8.903e-07 
  1.485e-01  1.486e-01 -1.407e-07 -9.318e-08  1.500e-05 -1.040e-06 
 -1.571e+00 -1.572e+00 -9.696e-08  8.903e-07 -1.040e-06  2.572e-05 
 PARAMETER  CORRELATION COEFFICIENTS  
       NO.  GLOBAL      1      2      3      4      5      6
        1  0.65246   1.000  0.627  0.034 -0.503  0.059 -0.480
        2  0.76465   0.627  1.000  0.042 -0.627  0.074 -0.598
        3  0.12587   0.034  0.042  1.000 -0.052 -0.105 -0.055
        4  0.64729  -0.503 -0.627 -0.052  1.000 -0.062  0.453
        5  0.13409   0.059  0.074 -0.105 -0.062  1.000 -0.053
        6  0.61839  -0.480 -0.598 -0.055  0.453 -0.053  1.000
Real time 0:00:00, CP time 0.060
Real time 0:00:00, CP time 0.060
 **********
 **    7 **SET ERR         0.5
 **********
 **********
 **    8 **SET PRINT           1
 **********
 **********
 **    9 **HESSE        3000
 **********
 COVARIANCE MATRIX CALCULATED SUCCESSFULLY
 FCN=-3.11053e+06 FROM HESSE     STATUS=OK             40 CALLS         297 TOTAL
                     EDM=9.23787e-06    STRATEGY= 1      ERROR MATRIX ACCURATE 
  EXT PARAMETER                                INTERNAL      INTERNAL  
  NO.   NAME      VALUE            ERROR       STEP SIZE       VALUE   
   1  N_Bkg        2.07650e+05   6.47898e+02   1.17663e-05  -1.39330e+01
   2  N_Jpsi       5.87886e+04   5.20490e+02   2.12851e-05  -3.31402e+01
   3  m_{J/#Psi}   3.08874e+00   3.46945e-04   3.38888e-04  -1.45701e-01
   4  sigma_1_A    4.42105e-02   3.89951e-04   1.01400e-04  -9.66951e-01
   5  sl1          1.88510e-02   3.87293e-03   9.34905e-04   1.88521e-02
   6  sl2         -1.73895e-02   5.07773e-03   1.94202e-04  -1.73904e-02
                               ERR DEF= 0.5
 EXTERNAL ERROR MATRIX.    NDIM=  25    NPAR=  6    ERR DEF=0.5
  4.198e+05  2.121e+05  7.752e-03 -1.283e-01  1.516e-01 -1.583e+00 
  2.121e+05  2.709e+05  7.752e-03 -1.283e-01  1.516e-01 -1.584e+00 
  7.752e-03  7.752e-03  1.204e-07 -7.615e-09 -1.405e-07 -9.704e-08 
 -1.283e-01 -1.283e-01 -7.615e-09  1.521e-07 -9.514e-08  9.052e-07 
  1.516e-01  1.516e-01 -1.405e-07 -9.514e-08  1.500e-05 -1.070e-06 
 -1.583e+00 -1.584e+00 -9.704e-08  9.052e-07 -1.070e-06  2.578e-05 
 PARAMETER  CORRELATION COEFFICIENTS  
       NO.  GLOBAL      1      2      3      4      5      6
        1  0.65484   1.000  0.629  0.034 -0.508  0.060 -0.481
        2  0.76691   0.629  1.000  0.043 -0.632  0.075 -0.599
        3  0.12733   0.034  0.043  1.000 -0.056 -0.105 -0.055
        4  0.65273  -0.508 -0.632 -0.056  1.000 -0.063  0.457
        5  0.13484   0.060  0.075 -0.105 -0.063  1.000 -0.054
        6  0.61954  -0.481 -0.599 -0.055  0.457 -0.054  1.000
Real time 0:00:00, CP time 0.000
Real time 0:00:00, CP time 0.060, 2 slices

********* Finished Mass Dist. Fit **************


  RooFitResult: minimized FCN value: -3.11053e+06, estimated distance to minimum: 9.23787e-06
                covariance matrix quality: Full, accurate covariance matrix
                Status : MINIMIZE=0 HESSE=0 

    Floating Parameter    FinalValue +/-  Error   
  --------------------  --------------------------
                 N_Bkg    2.0765e+05 +/-  6.48e+02
                N_Jpsi    5.8789e+04 +/-  5.20e+02
            m_{J/#Psi}    3.0887e+00 +/-  3.47e-04
             sigma_1_A    4.4210e-02 +/-  3.90e-04
                   sl1    1.8851e-02 +/-  3.87e-03
                   sl2   -1.7389e-02 +/-  5.08e-03

 *** NLL : -3110529.16966046
Info in <TCanvas::Print>: pdf file figs/PRMC/Mass_Fixed_pt3.5-6.5_y1.6-2.4_muPt0.0_centrality0-180_PRw_Effw0_Accw0_PtW0_TnP0.pdf has been created

###### Fit Convergence Check ######
Hesse: 0	 edm: 9.23787362773476e-06	 mll: -3110529.16966046
[Fit Converged]

Processing MassFit_FixPar_Data.C(6.5,9,1.6,2.4,0,180,1)...

[1mRooFit v3.60 -- Developed by Wouter Verkerke and David Kirkby[0m 
                Copyright (C) 2000-2013 NIKHEF, University of California & Stanford University
                All rights reserved, please read http://roofit.sourceforge.net/license.txt

l_cut: 0.0385
RooDataSet::dataset[mass,pt,y,pt1,pt2,eta1,eta2,weight,cBin,recoQQsign,NumDimu,ctau3D,ctau3DErr,ctau3DRes] = 897667 entries
pt: 6.5-9, y: 1.6-2.4, Cent: 0-180%
####################################
******** New Combined Dataset ***********
RooRealVar::mass = 3.17226  L(2.6 - 3.5) // [GeV/c^{2}]
psi 2S MASS : 3.686

********* Starting Mass Dist. Fit **************

 **********
 **    1 **SET PRINT           1
 **********
 **********
 **    2 **SET NOGRAD
 **********
 PARAMETER DEFINITIONS:
    NO.   NAME         VALUE      STEP SIZE      LIMITS
     1 N_Bkg        1.00000e+07  2.00000e+06    0.00000e+00  2.00000e+07
 MINUIT WARNING IN PARAM DEF
 ============== LIMITS ON PARAM1 TOO FAR APART.
 PARAMETER DEFINITIONS:
    NO.   NAME         VALUE      STEP SIZE      LIMITS
     2 N_Jpsi       5.00000e+06  1.00000e+06    0.00000e+00  1.00000e+07
     3 m_{J/#Psi}   3.09600e+00  1.00000e-02    3.04600e+00  3.14600e+00
     4 sigma_1_A    4.21820e-02  2.10910e-02    0.00000e+00  5.00000e-01
     5 sl1          0.00000e+00  2.00000e-01   -1.00000e+00  1.00000e+00
 **********
 **    3 **SET ERR         0.5
 **********
 **********
 **    4 **SET PRINT           1
 **********
 **********
 **    5 **SET STR           1
 **********
 NOW USING STRATEGY  1: TRY TO BALANCE SPEED AGAINST RELIABILITY
 **********
 **    6 **MIGRAD        2500           1
 **********
 FIRST CALL TO USER FUNCTION AT NEW START POINT, WITH IFLAG=4.
 START MIGRAD MINIMIZATION.  STRATEGY  1.  CONVERGENCE WHEN EDM .LT. 1.00e-03
 FCN=1.38684e+07 FROM MIGRAD    STATUS=INITIATE       22 CALLS          23 TOTAL
                     EDM= unknown      STRATEGY= 1      NO ERROR MATRIX       
  EXT PARAMETER               CURRENT GUESS       STEP         FIRST   
  NO.   NAME      VALUE            ERROR          SIZE      DERIVATIVE 
   1  N_Bkg        1.00000e+07   2.00000e+06   2.01358e-01   9.95775e+06
   2  N_Jpsi       5.00000e+06   1.00000e+06   2.01358e-01   4.97421e+06
   3  m_{J/#Psi}   3.09600e+00   1.00000e-02   2.01358e-01   2.10711e+03
   4  sigma_1_A    4.21820e-02   2.10910e-02   1.56844e-01   4.03731e+03
   5  sl1          0.00000e+00   2.00000e-01   2.01358e-01   1.08674e+03
                               ERR DEF= 0.5
 MINUIT WARNING IN MIGRAD  
 ============== Negative diagonal element 1 in Error Matrix
 MINUIT WARNING IN MIGRAD  
 ============== 1 added to diagonal of error matrix
 MIGRAD FAILS TO FIND IMPROVEMENT
 MINUIT WARNING IN HESSE   
 ============== Negative diagonal element 2 in Error Matrix
 MINUIT WARNING IN HESSE   
 ============== Negative diagonal element 4 in Error Matrix
 MINUIT WARNING IN HESSE   
 ============== 3.34095e+08 added to diagonal of error matrix
 EIGENVALUES OF SECOND-DERIVATIVE MATRIX:
        -1.7226e+03  1.0000e+00  1.0000e+00  1.0000e+00  1.7246e+03
 MINUIT WARNING IN HESSE   
 ============== MATRIX FORCED POS-DEF BY ADDING 1724.365091 TO DIAGONAL.
 FCN=-531650 FROM HESSE     STATUS=NOT POSDEF     31 CALLS         132 TOTAL
                     EDM=3.36518e+10    STRATEGY= 1      ERR MATRIX NOT POS-DEF
  EXT PARAMETER                APPROXIMATE        STEP         FIRST   
  NO.   NAME      VALUE            ERROR          SIZE      DERIVATIVE 
   1  N_Bkg        2.59049e+03   5.00812e+00   3.09412e-05   5.63161e+06
   2  N_Jpsi       4.97085e+00   7.07790e+05   2.75482e-05   4.81928e+05
   3  m_{J/#Psi}   3.09511e+00   6.58613e-08   4.01775e-02   1.89555e+01
   4  sigma_1_A    4.24557e-02   1.98219e-07   2.01797e-02   4.17706e+02
   5  sl1         -8.20593e-03   1.31768e-06   4.45040e-03  -1.03595e+03
                               ERR DEF= 0.5
 MIGRAD FAILS TO FIND IMPROVEMENT
 MIGRAD TERMINATED WITHOUT CONVERGENCE.
 FCN=-531650 FROM MIGRAD    STATUS=FAILED        142 CALLS         143 TOTAL
                     EDM=3.36518e+10    STRATEGY= 1      ERR MATRIX NOT POS-DEF
  EXT PARAMETER                APPROXIMATE        STEP         FIRST   
  NO.   NAME      VALUE            ERROR          SIZE      DERIVATIVE 
   1  N_Bkg        2.59049e+03   5.00812e+00   0.00000e+00   5.63161e+06
   2  N_Jpsi       4.97085e+00   7.07790e+05  -0.00000e+00   4.81928e+05
   3  m_{J/#Psi}   3.09511e+00   6.58613e-08  -0.00000e+00   1.89555e+01
   4  sigma_1_A    4.24557e-02   1.98219e-07  -0.00000e+00   4.17706e+02
   5  sl1         -8.20593e-03   1.31768e-06  -0.00000e+00  -1.03595e+03
                               ERR DEF= 0.5
 EXTERNAL ERROR MATRIX.    NDIM=  25    NPAR=  5    ERR DEF=0.5
  2.508e+01 -1.900e+04 -7.198e-09 -3.741e-07 -2.036e-07 
 -1.900e+04  1.442e+07  5.463e-06  2.839e-04  1.545e-04 
 -7.198e-09  5.463e-06  4.338e-15  1.076e-16  5.853e-17 
 -3.741e-07  2.839e-04  1.076e-16  3.929e-14  3.042e-15 
 -2.036e-07  1.545e-04  5.853e-17  3.042e-15  1.736e-12 
ERR MATRIX NOT POS-DEF
 PARAMETER  CORRELATION COEFFICIENTS  
       NO.  GLOBAL      1      2      3      4      5
        1  0.99900   1.000 -0.999 -0.022 -0.377 -0.031
        2  0.99900  -0.999  1.000  0.022  0.377  0.031
        3  0.02184  -0.022  0.022  1.000  0.008  0.001
        4  0.37725  -0.377  0.377  0.008  1.000  0.012
        5  0.03088  -0.031  0.031  0.001  0.012  1.000
 ERR MATRIX NOT POS-DEF
Real time 0:00:00, CP time 0.040
Real time 0:00:00, CP time 0.040
 **********
 **    7 **SET ERR         0.5
 **********
 **********
 **    8 **SET PRINT           1
 **********
 **********
 **    9 **HESSE        2500
 **********
 MINUIT WARNING IN HESSE   
 ============== Negative diagonal element 2 in Error Matrix
 MINUIT WARNING IN HESSE   
 ============== Negative diagonal element 4 in Error Matrix
 MINUIT WARNING IN HESSE   
 ============== 3.34096e+08 added to diagonal of error matrix
 EIGENVALUES OF SECOND-DERIVATIVE MATRIX:
        -1.7329e+03  1.0000e+00  1.0000e+00  1.0000e+00  1.7349e+03
 MINUIT WARNING IN HESSE   
 ============== MATRIX FORCED POS-DEF BY ADDING 1734.593797 TO DIAGONAL.
 FCN=-531650 FROM HESSE     STATUS=NOT POSDEF     31 CALLS         174 TOTAL
                     EDM=6.69072e+10    STRATEGY= 1      ERR MATRIX NOT POS-DEF
  EXT PARAMETER                APPROXIMATE     INTERNAL      INTERNAL  
  NO.   NAME      VALUE            ERROR       STEP SIZE       VALUE   
   1  N_Bkg        2.59049e+03   4.99334e+00   6.18823e-06  -7.87674e+00
   2  N_Jpsi       4.97085e+00   7.03722e+05   5.50963e-06  -7.85539e+00
   3  m_{J/#Psi}   3.09511e+00   6.56635e-08   8.03549e-03  -1.77097e-02
   4  sigma_1_A    4.24557e-02   1.97758e-07   4.03594e-03  -9.79426e-01
   5  sl1         -8.20593e-03   1.31379e-06   8.90080e-04  -8.20602e-03
                               ERR DEF= 0.5
 EXTERNAL ERROR MATRIX.    NDIM=  25    NPAR=  5    ERR DEF=0.5
  2.493e+01 -1.889e+04 -6.354e-09 -3.735e-07 -2.028e-07 
 -1.889e+04  1.433e+07  4.822e-06  2.835e-04  1.539e-04 
 -6.354e-09  4.822e-06  4.312e-15  9.539e-17  5.179e-17 
 -3.735e-07  2.835e-04  9.539e-17  3.911e-14  3.045e-15 
 -2.028e-07  1.539e-04  5.179e-17  3.045e-15  1.726e-12 
ERR MATRIX NOT POS-DEF
 PARAMETER  CORRELATION COEFFICIENTS  
       NO.  GLOBAL      1      2      3      4      5
        1  0.99900   1.000 -0.999 -0.019 -0.378 -0.031
        2  0.99900  -0.999  1.000  0.019  0.379  0.031
        3  0.01940  -0.019  0.019  1.000  0.007  0.001
        4  0.37867  -0.378  0.379  0.007  1.000  0.012
        5  0.03095  -0.031  0.031  0.001  0.012  1.000
 ERR MATRIX NOT POS-DEF
Real time 0:00:00, CP time 0.000
Real time 0:00:00, CP time 0.040, 2 slices

********* Finished Mass Dist. Fit **************


  RooFitResult: minimized FCN value: -531650, estimated distance to minimum: 6.69072e+10
                covariance matrix quality: Full matrix, but forced positive-definite
                Status : MINIMIZE=-1 HESSE=4 

    Floating Parameter    FinalValue +/-  Error   
  --------------------  --------------------------
                 N_Bkg    2.5905e+03 +/-  4.99e+00
                N_Jpsi    4.9709e+00 +/-  7.04e+05
            m_{J/#Psi}    3.0951e+00 +/-  6.57e-08
             sigma_1_A    4.2456e-02 +/-  1.98e-07
                   sl1   -8.2059e-03 +/-  1.31e-06

 *** NLL : -531650.196453054
Info in <TCanvas::Print>: pdf file figs/PRMC/Mass_Fixed_pt6.5-9.0_y1.6-2.4_muPt0.0_centrality0-180_PRw_Effw0_Accw0_PtW0_TnP0.pdf has been created

###### Fit Convergence Check ######
Hesse: 4	 edm: 66907235069.3136	 mll: -531650.196453054
[31m[Stuck] N_Jpsi [0m // Final Value : 4.97085250850127 (0 ~ 10000000)


Processing MassFit_FixPar_Data.C(9,12,1.6,2.4,0,180,1)...

[1mRooFit v3.60 -- Developed by Wouter Verkerke and David Kirkby[0m 
                Copyright (C) 2000-2013 NIKHEF, University of California & Stanford University
                All rights reserved, please read http://roofit.sourceforge.net/license.txt

l_cut: 0.0325
RooDataSet::dataset[mass,pt,y,pt1,pt2,eta1,eta2,weight,cBin,recoQQsign,NumDimu,ctau3D,ctau3DErr,ctau3DRes] = 897667 entries
pt: 9-12, y: 1.6-2.4, Cent: 0-180%
####################################
******** New Combined Dataset ***********
RooRealVar::mass = 3.17226  L(2.6 - 3.5) // [GeV/c^{2}]
psi 2S MASS : 3.686

********* Starting Mass Dist. Fit **************

 **********
 **    1 **SET PRINT           1
 **********
 **********
 **    2 **SET NOGRAD
 **********
 PARAMETER DEFINITIONS:
    NO.   NAME         VALUE      STEP SIZE      LIMITS
     1 N_Bkg        1.00000e+07  2.00000e+06    0.00000e+00  2.00000e+07
 MINUIT WARNING IN PARAM DEF
 ============== LIMITS ON PARAM1 TOO FAR APART.
 PARAMETER DEFINITIONS:
    NO.   NAME         VALUE      STEP SIZE      LIMITS
     2 N_Jpsi       5.00000e+06  1.00000e+06    0.00000e+00  1.00000e+07
     3 m_{J/#Psi}   3.09600e+00  1.00000e-02    3.04600e+00  3.14600e+00
     4 sigma_1_A    7.05910e-02  3.52955e-02    0.00000e+00  5.00000e-01
     5 sl1          0.00000e+00  2.00000e-01   -1.00000e+00  1.00000e+00
 **********
 **    3 **SET ERR         0.5
 **********
 **********
 **    4 **SET PRINT           1
 **********
 **********
 **    5 **SET STR           1
 **********
 NOW USING STRATEGY  1: TRY TO BALANCE SPEED AGAINST RELIABILITY
 **********
 **    6 **MIGRAD        2500           1
 **********
 FIRST CALL TO USER FUNCTION AT NEW START POINT, WITH IFLAG=4.
 START MIGRAD MINIMIZATION.  STRATEGY  1.  CONVERGENCE WHEN EDM .LT. 1.00e-03
 FCN=1.46575e+07 FROM MIGRAD    STATUS=INITIATE       40 CALLS          41 TOTAL
                     EDM= unknown      STRATEGY= 1      NO ERROR MATRIX       
  EXT PARAMETER               CURRENT GUESS       STEP         FIRST   
  NO.   NAME      VALUE            ERROR          SIZE      DERIVATIVE 
   1  N_Bkg        1.00000e+07   2.00000e+06   0.00000e+00   9.98768e+06
   2  N_Jpsi       5.00000e+06   1.00000e+06   0.00000e+00   4.98908e+06
   3  m_{J/#Psi}   3.09600e+00   1.00000e-02   0.00000e+00   1.03957e+03
   4  sigma_1_A    1.43618e-02   3.52955e-02  -4.29790e-01   2.00166e+03
   5  sl1          0.00000e+00   2.00000e-01   0.00000e+00   1.88719e+00
                               ERR DEF= 0.5
 MIGRAD FAILS TO FIND IMPROVEMENT
 MACHINE ACCURACY LIMITS FURTHER IMPROVEMENT.
 MIGRAD MINIMIZATION HAS CONVERGED.
 FCN=-191449 FROM MIGRAD    STATUS=CONVERGED     296 CALLS         297 TOTAL
                     EDM=0.00328525    STRATEGY= 1  ERROR MATRIX UNCERTAINTY   0.9 per cent
  EXT PARAMETER                                   STEP         FIRST   
  NO.   NAME      VALUE            ERROR          SIZE      DERIVATIVE 
   1  N_Bkg        7.91547e+03   1.08037e+02   0.00000e+00  -1.33057e+02
   2  N_Jpsi       1.21512e+04   1.25268e+02  -0.00000e+00   1.74370e+01
   3  m_{J/#Psi}   3.08915e+00   5.32924e-04  -0.00000e+00   5.79961e+00
   4  sigma_1_A    1.71763e-02   1.81846e-04   0.00000e+00  -9.28157e+00
   5  sl1         -6.94233e-02   2.05856e-02  -0.00000e+00   2.04001e+00
                               ERR DEF= 0.5
 EXTERNAL ERROR MATRIX.    NDIM=  25    NPAR=  5    ERR DEF=0.5
  1.167e+04  3.705e+03  6.627e-04 -6.947e-03  7.828e-02 
  3.705e+03  1.569e+04  2.445e-04 -6.489e-03  1.159e-01 
  6.627e-04  2.445e-04  2.840e-07 -5.662e-09 -1.287e-06 
 -6.947e-03 -6.489e-03 -5.662e-09  3.307e-08 -5.415e-08 
  7.828e-02  1.159e-01 -1.287e-06 -5.415e-08  4.238e-04 
 PARAMETER  CORRELATION COEFFICIENTS  
       NO.  GLOBAL      1      2      3      4      5
        1  0.39765   1.000  0.274  0.012 -0.354  0.035
        2  0.34151   0.274  1.000  0.004 -0.285  0.045
        3  0.13215   0.012  0.004  1.000 -0.058 -0.117
        4  0.40770  -0.354 -0.285 -0.058  1.000 -0.014
        5  0.12825   0.035  0.045 -0.117 -0.014  1.000
Real time 0:00:00, CP time 0.050
Real time 0:00:00, CP time 0.050
 **********
 **    7 **SET ERR         0.5
 **********
 **********
 **    8 **SET PRINT           1
 **********
 **********
 **    9 **HESSE        2500
 **********
 COVARIANCE MATRIX CALCULATED SUCCESSFULLY
 FCN=-191449 FROM HESSE     STATUS=OK             35 CALLS         332 TOTAL
                     EDM=0.0470789    STRATEGY= 1      ERROR MATRIX ACCURATE 
  EXT PARAMETER                                INTERNAL      INTERNAL  
  NO.   NAME      VALUE            ERROR       STEP SIZE       VALUE   
   1  N_Bkg        7.91547e+03   1.08286e+02   4.31205e-03  -9.04303e+03
   2  N_Jpsi       1.21512e+04   1.27006e+02   2.62832e-03  -5.51199e+03
   3  m_{J/#Psi}   3.08915e+00   5.29799e-04   3.21721e-03  -1.37386e-01
   4  sigma_1_A    1.71763e-02   1.74070e-04   5.40284e-04  -1.19795e+00
   5  sl1         -6.94233e-02   2.01407e-02   6.05831e-03  -6.94792e-02
                               ERR DEF= 0.5
 EXTERNAL ERROR MATRIX.    NDIM=  25    NPAR=  5    ERR DEF=0.5
  1.173e+04  3.963e+03  7.871e-04 -5.556e-03  1.277e-01 
  3.963e+03  1.613e+04  8.483e-04 -5.925e-03  1.324e-01 
  7.871e-04  8.483e-04  2.807e-07 -2.704e-09 -9.458e-07 
 -5.556e-03 -5.925e-03 -2.704e-09  3.030e-08 -1.798e-07 
  1.277e-01  1.324e-01 -9.458e-07 -1.798e-07  4.057e-04 
 PARAMETER  CORRELATION COEFFICIENTS  
       NO.  GLOBAL      1      2      3      4      5
        1  0.36778   1.000  0.288  0.014 -0.295  0.059
        2  0.34720   0.288  1.000  0.013 -0.268  0.052
        3  0.09559   0.014  0.013  1.000 -0.029 -0.089
        4  0.35332  -0.295 -0.268 -0.029  1.000 -0.051
        5  0.11742   0.059  0.052 -0.089 -0.051  1.000
Real time 0:00:00, CP time 0.000
Real time 0:00:00, CP time 0.050, 2 slices

********* Finished Mass Dist. Fit **************


  RooFitResult: minimized FCN value: -191449, estimated distance to minimum: 0.0470789
                covariance matrix quality: Full, accurate covariance matrix
                Status : MINIMIZE=0 HESSE=0 

    Floating Parameter    FinalValue +/-  Error   
  --------------------  --------------------------
                 N_Bkg    7.9155e+03 +/-  1.08e+02
                N_Jpsi    1.2151e+04 +/-  1.27e+02
            m_{J/#Psi}    3.0892e+00 +/-  5.30e-04
             sigma_1_A    1.7176e-02 +/-  1.74e-04
                   sl1   -6.9423e-02 +/-  2.01e-02

 *** NLL : -191448.866048309
Info in <TCanvas::Print>: pdf file figs/PRMC/Mass_Fixed_pt9.0-12.0_y1.6-2.4_muPt0.0_centrality0-180_PRw_Effw0_Accw0_PtW0_TnP0.pdf has been created

###### Fit Convergence Check ######
Hesse: 0	 edm: 0.0470788522134805	 mll: -191448.866048309
[Fit Converged]

Processing MassFit_FixPar_Data.C(12,40,1.6,2.4,0,180,1)...

[1mRooFit v3.60 -- Developed by Wouter Verkerke and David Kirkby[0m 
                Copyright (C) 2000-2013 NIKHEF, University of California & Stanford University
                All rights reserved, please read http://roofit.sourceforge.net/license.txt

l_cut: 0.0245
RooDataSet::dataset[mass,pt,y,pt1,pt2,eta1,eta2,weight,cBin,recoQQsign,NumDimu,ctau3D,ctau3DErr,ctau3DRes] = 897667 entries
pt: 12-40, y: 1.6-2.4, Cent: 0-180%
####################################
******** New Combined Dataset ***********
RooRealVar::mass = 3.17226  L(2.6 - 3.5) // [GeV/c^{2}]
psi 2S MASS : 3.686

********* Starting Mass Dist. Fit **************

 **********
 **    1 **SET PRINT           1
 **********
 **********
 **    2 **SET NOGRAD
 **********
 PARAMETER DEFINITIONS:
    NO.   NAME         VALUE      STEP SIZE      LIMITS
     1 N_Bkg        1.00000e+07  2.00000e+06    0.00000e+00  2.00000e+07
 MINUIT WARNING IN PARAM DEF
 ============== LIMITS ON PARAM1 TOO FAR APART.
 PARAMETER DEFINITIONS:
    NO.   NAME         VALUE      STEP SIZE      LIMITS
     2 N_Jpsi       5.00000e+06  1.00000e+06    0.00000e+00  1.00000e+07
     3 m_{J/#Psi}   3.09600e+00  1.00000e-02    3.04600e+00  3.14600e+00
     4 sigma_1_A    1.71937e-02  8.59684e-03    0.00000e+00  5.00000e-01
     5 sl1          0.00000e+00  2.00000e-01   -1.00000e+00  1.00000e+00
 **********
 **    3 **SET ERR         0.5
 **********
 **********
 **    4 **SET PRINT           1
 **********
 **********
 **    5 **SET STR           1
 **********
 NOW USING STRATEGY  1: TRY TO BALANCE SPEED AGAINST RELIABILITY
 **********
 **    6 **MIGRAD        2500           1
 **********
 FIRST CALL TO USER FUNCTION AT NEW START POINT, WITH IFLAG=4.
 START MIGRAD MINIMIZATION.  STRATEGY  1.  CONVERGENCE WHEN EDM .LT. 1.00e-03
 FCN=1.48459e+07 FROM MIGRAD    STATUS=INITIATE       20 CALLS          21 TOTAL
                     EDM= unknown      STRATEGY= 1      NO ERROR MATRIX       
  EXT PARAMETER               CURRENT GUESS       STEP         FIRST   
  NO.   NAME      VALUE            ERROR          SIZE      DERIVATIVE 
   1  N_Bkg        1.00000e+07   2.00000e+06   2.01358e-01   9.99154e+06
   2  N_Jpsi       5.00000e+06   1.00000e+06   2.01358e-01   4.99346e+06
   3  m_{J/#Psi}   3.09600e+00   1.00000e-02   2.01358e-01   1.78726e+02
   4  sigma_1_A    1.71937e-02   8.59684e-03   9.76105e-02   5.36517e+03
   5  sl1          0.00000e+00   2.00000e-01   2.01358e-01  -4.67511e+01
                               ERR DEF= 0.5
 MINUIT WARNING IN MIGRAD  
 ============== Negative diagonal element 1 in Error Matrix
 MINUIT WARNING IN MIGRAD  
 ============== Negative diagonal element 2 in Error Matrix
 MINUIT WARNING IN MIGRAD  
 ============== 1.00099 added to diagonal of error matrix
 MIGRAD FAILS TO FIND IMPROVEMENT
 MINUIT WARNING IN HESSE   
 ============== Negative diagonal element 3 in Error Matrix
 MINUIT WARNING IN HESSE   
 ============== 6298.19 added to diagonal of error matrix
 EIGENVALUES OF SECOND-DERIVATIVE MATRIX:
        -4.8456e+00  9.4316e-01  1.0060e+00  1.0683e+00  6.8282e+00
 MINUIT WARNING IN HESSE   
 ============== MATRIX FORCED POS-DEF BY ADDING 4.852459 TO DIAGONAL.
 FCN=56999.9 FROM HESSE     STATUS=NOT POSDEF     31 CALLS         169 TOTAL
                     EDM=1.02104e+07    STRATEGY= 1      ERR MATRIX NOT POS-DEF
  EXT PARAMETER                APPROXIMATE        STEP         FIRST   
  NO.   NAME      VALUE            ERROR          SIZE      DERIVATIVE 
   1  N_Bkg        2.38279e+03   5.05561e+01   1.42200e-02  -1.33060e+05
   2  N_Jpsi       1.63616e+05   2.33434e+02   6.00173e-03   1.20610e+06
   3  m_{J/#Psi}   3.14578e+00   9.25856e-02   2.07755e-03   5.99667e+02
   4  sigma_1_A    1.50013e-02   1.16515e-03   2.65685e-04   4.39636e+04
   5  sl1          4.27960e-01   4.97772e-03   1.05960e-02  -7.03356e+00
                               ERR DEF= 0.5
 MINUIT WARNING IN MIGRAD  
 ============== Negative diagonal element 3 in Error Matrix
 MINUIT WARNING IN MIGRAD  
 ============== Negative diagonal element 4 in Error Matrix
 MINUIT WARNING IN MIGRAD  
 ============== 1.53797 added to diagonal of error matrix
 MIGRAD FAILS TO FIND IMPROVEMENT
 MIGRAD TERMINATED WITHOUT CONVERGENCE.
 FCN=54308.8 FROM MIGRAD    STATUS=FAILED        199 CALLS         200 TOTAL
                     EDM=1.69025e+08    STRATEGY= 1      ERR MATRIX NOT POS-DEF
  EXT PARAMETER                APPROXIMATE        STEP         FIRST   
  NO.   NAME      VALUE            ERROR          SIZE      DERIVATIVE 
   1  N_Bkg        5.08443e+03   3.60293e+06   0.00000e+00  -2.41982e+05
   2  N_Jpsi       1.62246e+05   1.74390e+06  -0.00000e+00   1.20270e+06
   3  m_{J/#Psi}   3.07762e+00   3.02066e-02  -0.00000e+00   2.12277e+03
   4  sigma_1_A    1.52036e-02   8.46385e-02   0.00000e+00  -2.02670e+04
   5  sl1          5.20374e-01   6.56492e-01   0.00000e+00  -2.31734e+00
                               ERR DEF= 0.5
 EXTERNAL ERROR MATRIX.    NDIM=  25    NPAR=  5    ERR DEF=0.5
  7.818e+10  3.951e+01 -7.875e-02  1.519e-04  1.813e-03 
  3.951e+01  1.227e+12 -3.572e-02  5.056e-05  1.422e-03 
 -7.875e-02 -3.572e-02  1.081e-03  1.782e-06  2.565e-06 
  1.519e-04  5.056e-05  1.782e-06  5.668e-03 -8.290e-09 
  1.813e-03  1.422e-03  2.565e-06 -8.290e-09  5.608e-01 
ERR MATRIX NOT POS-DEF
 PARAMETER  CORRELATION COEFFICIENTS  
       NO.  GLOBAL      1      2      3      4      5
        1  0.00001   1.000  0.000 -0.000  0.000  0.000
        2  0.00000   0.000  1.000 -0.000  0.000  0.000
        3  0.00073  -0.000 -0.000  1.000  0.001  0.000
        4  0.00072   0.000  0.000  0.001  1.000 -0.000
        5  0.00010   0.000  0.000  0.000 -0.000  1.000
 ERR MATRIX NOT POS-DEF
Real time 0:00:00, CP time 0.040
Real time 0:00:00, CP time 0.040
 **********
 **    7 **SET ERR         0.5
 **********
 **********
 **    8 **SET PRINT           1
 **********
 **********
 **    9 **HESSE        2500
 **********
 COVARIANCE MATRIX CALCULATED SUCCESSFULLY
 FCN=54308.8 FROM HESSE     STATUS=OK             31 CALLS         231 TOTAL
                     EDM=291053    STRATEGY= 1      ERROR MATRIX ACCURATE 
  EXT PARAMETER                                INTERNAL      INTERNAL  
  NO.   NAME      VALUE            ERROR       STEP SIZE       VALUE   
   1  N_Bkg        5.08443e+03   1.00110e+02   1.42200e-02  -2.98216e+04
   2  N_Jpsi       1.62246e+05   5.62876e+02   6.00173e-03  -1.25865e+04
   3  m_{J/#Psi}   3.07762e+00   7.06286e-04   2.02791e-03  -4.36305e+02
   4  sigma_1_A    1.52036e-02   1.62108e-04   2.59337e-04   3.01957e+01
   5  sl1          5.20374e-01   5.14395e-02   1.03429e-02   5.47289e-01
                               ERR DEF= 0.5
 EXTERNAL ERROR MATRIX.    NDIM=  25    NPAR=  5    ERR DEF=0.5
  1.002e+04  2.122e+03  4.687e-03  3.260e-03  1.182e+00 
  2.122e+03  3.168e+05  5.348e-03  3.488e-03  1.333e+00 
  4.687e-03  5.348e-03  4.989e-07  5.065e-08  5.307e-06 
  3.260e-03  3.488e-03  5.065e-08  2.628e-08  1.234e-06 
  1.182e+00  1.333e+00  5.307e-06  1.234e-06  2.649e-03 
 PARAMETER  CORRELATION COEFFICIENTS  
       NO.  GLOBAL      1      2      3      4      5
        1  0.28887   1.000  0.038  0.066  0.201  0.229
        2  0.06070   0.038  1.000  0.013  0.038  0.046
        3  0.45169   0.066  0.013  1.000  0.442  0.146
        4  0.47756   0.201  0.038  0.442  1.000  0.148
        5  0.27131   0.229  0.046  0.146  0.148  1.000
Real time 0:00:00, CP time 0.000
Real time 0:00:00, CP time 0.040, 2 slices

********* Finished Mass Dist. Fit **************


  RooFitResult: minimized FCN value: 54308.8, estimated distance to minimum: 291053
                covariance matrix quality: Full, accurate covariance matrix
                Status : MINIMIZE=-1 HESSE=4 

    Floating Parameter    FinalValue +/-  Error   
  --------------------  --------------------------
                 N_Bkg    5.0844e+03 +/-  1.00e+02
                N_Jpsi    1.6225e+05 +/-  5.63e+02
            m_{J/#Psi}    3.0776e+00 +/-  7.06e-04
             sigma_1_A    1.5204e-02 +/-  1.62e-04
                   sl1    5.2037e-01 +/-  5.14e-02

 *** NLL : 54308.8302115031
Info in <TCanvas::Print>: pdf file figs/PRMC/Mass_Fixed_pt12.0-40.0_y1.6-2.4_muPt0.0_centrality0-180_PRw_Effw0_Accw0_PtW0_TnP0.pdf has been created

###### Fit Convergence Check ######
Hesse: 4	 edm: 291052.800021725	 mll: 54308.8302115031
[Fit Converged]

Processing MassFit_FixPar_Data.C(6.5,9,0,1.6,0,180,1)...

[1mRooFit v3.60 -- Developed by Wouter Verkerke and David Kirkby[0m 
                Copyright (C) 2000-2013 NIKHEF, University of California & Stanford University
                All rights reserved, please read http://roofit.sourceforge.net/license.txt

l_cut: 0.0315
RooDataSet::dataset[mass,pt,y,pt1,pt2,eta1,eta2,weight,cBin,recoQQsign,NumDimu,ctau3D,ctau3DErr,ctau3DRes] = 897667 entries
pt: 6.5-9, y: 0-1.6, Cent: 0-180%
####################################
******** New Combined Dataset ***********
RooRealVar::mass = 3.17226  L(2.6 - 3.5) // [GeV/c^{2}]
psi 2S MASS : 3.686

********* Starting Mass Dist. Fit **************

 **********
 **    1 **SET PRINT           1
 **********
 **********
 **    2 **SET NOGRAD
 **********
 PARAMETER DEFINITIONS:
    NO.   NAME         VALUE      STEP SIZE      LIMITS
     1 N_Bkg        1.00000e+07  2.00000e+06    0.00000e+00  2.00000e+07
 MINUIT WARNING IN PARAM DEF
 ============== LIMITS ON PARAM1 TOO FAR APART.
 PARAMETER DEFINITIONS:
    NO.   NAME         VALUE      STEP SIZE      LIMITS
     2 N_Jpsi       5.00000e+06  1.00000e+06    0.00000e+00  1.00000e+07
     3 m_{J/#Psi}   3.09600e+00  1.00000e-02    3.04600e+00  3.14600e+00
     4 sigma_1_A    2.99769e-02  1.49885e-02    0.00000e+00  5.00000e-01
     5 sl1          0.00000e+00  2.00000e-01   -1.00000e+00  1.00000e+00
 **********
 **    3 **SET ERR         0.5
 **********
 **********
 **    4 **SET PRINT           1
 **********
 **********
 **    5 **SET STR           1
 **********
 NOW USING STRATEGY  1: TRY TO BALANCE SPEED AGAINST RELIABILITY
 **********
 **    6 **MIGRAD        2500           1
 **********
 FIRST CALL TO USER FUNCTION AT NEW START POINT, WITH IFLAG=4.
 START MIGRAD MINIMIZATION.  STRATEGY  1.  CONVERGENCE WHEN EDM .LT. 1.00e-03
 FCN=1.41608e+07 FROM MIGRAD    STATUS=INITIATE       22 CALLS          23 TOTAL
                     EDM= unknown      STRATEGY= 1      NO ERROR MATRIX       
  EXT PARAMETER               CURRENT GUESS       STEP         FIRST   
  NO.   NAME      VALUE            ERROR          SIZE      DERIVATIVE 
   1  N_Bkg        1.00000e+07   2.00000e+06   2.01358e-01   9.97050e+06
   2  N_Jpsi       5.00000e+06   1.00000e+06   2.01358e-01   4.97914e+06
   3  m_{J/#Psi}   3.09600e+00   1.00000e-02   2.01358e-01   2.75711e+03
   4  sigma_1_A    2.99769e-02   1.49885e-02   1.30556e-01   6.59412e+03
   5  sl1          0.00000e+00   2.00000e-01   2.01358e-01  -1.92363e+03
                               ERR DEF= 0.5
 MIGRAD MINIMIZATION HAS CONVERGED.
 FCN=-509599 FROM MIGRAD    STATUS=CONVERGED     176 CALLS         177 TOTAL
                     EDM=4.22968e-06    STRATEGY= 1  ERROR MATRIX UNCERTAINTY   1.3 per cent
  EXT PARAMETER                                   STEP         FIRST   
  NO.   NAME      VALUE            ERROR          SIZE      DERIVATIVE 
   1  N_Bkg        2.56623e+04   1.90121e+02  -4.56761e-06   4.95937e+00
   2  N_Jpsi       2.36455e+04   1.83667e+02   8.18885e-06   2.52338e+00
   3  m_{J/#Psi}   3.09084e+00   2.74292e-04  -8.15966e-06   2.09892e-02
   4  sigma_1_A    3.03386e-02   2.52516e-04   6.15657e-05  -1.06293e+00
   5  sl1          2.25891e-01   1.06218e-02   8.30044e-05   1.34745e-01
                               ERR DEF= 0.5
 EXTERNAL ERROR MATRIX.    NDIM=  25    NPAR=  5    ERR DEF=0.5
  3.615e+04 -1.030e+04 -7.802e-04  1.296e-02 -2.524e-02 
 -1.030e+04  3.373e+04  7.180e-04 -1.241e-02 -2.823e-02 
 -7.802e-04  7.180e-04  7.524e-08 -4.292e-09 -1.476e-07 
  1.296e-02 -1.241e-02 -4.292e-09  6.376e-08  1.826e-09 
 -2.524e-02 -2.823e-02 -1.476e-07  1.826e-09  1.128e-04 
 PARAMETER  CORRELATION COEFFICIENTS  
       NO.  GLOBAL      1      2      3      4      5
        1  0.35572   1.000 -0.295 -0.015  0.270 -0.012
        2  0.35418  -0.295  1.000  0.014 -0.268 -0.014
        3  0.08008  -0.015  0.014  1.000 -0.062 -0.051
        4  0.33863   0.270 -0.268 -0.062  1.000  0.001
        5  0.05560  -0.012 -0.014 -0.051  0.001  1.000
Real time 0:00:00, CP time 0.040
Real time 0:00:00, CP time 0.040
 **********
 **    7 **SET ERR         0.5
 **********
 **********
 **    8 **SET PRINT           1
 **********
 **********
 **    9 **HESSE        2500
 **********
 COVARIANCE MATRIX CALCULATED SUCCESSFULLY
 FCN=-509599 FROM HESSE     STATUS=OK             41 CALLS         218 TOTAL
                     EDM=6.60591e-06    STRATEGY= 1      ERROR MATRIX ACCURATE 
  EXT PARAMETER                                INTERNAL      INTERNAL  
  NO.   NAME      VALUE            ERROR       STEP SIZE       VALUE   
   1  N_Bkg        2.56623e+04   1.90042e+02   2.52452e-04  -5.29430e+02
   2  N_Jpsi       2.36455e+04   1.84631e+02   1.74733e-04  -2.27863e+02
   3  m_{J/#Psi}   3.09084e+00   2.74652e-04   2.71349e-03  -1.03322e-01
   4  sigma_1_A    3.03386e-02   2.54045e-04   9.85038e-04  -1.07302e+00
   5  sl1          2.25891e-01   1.08530e-02   5.48272e-03   2.27858e-01
                               ERR DEF= 0.5
 EXTERNAL ERROR MATRIX.    NDIM=  25    NPAR=  5    ERR DEF=0.5
  3.612e+04 -1.046e+04 -6.386e-04  1.301e-02 -1.609e-02 
 -1.046e+04  3.409e+04  6.375e-04 -1.299e-02  1.632e-02 
 -6.386e-04  6.375e-04  7.543e-08 -3.897e-09 -1.592e-07 
  1.301e-02 -1.299e-02 -3.897e-09  6.454e-08 -5.356e-08 
 -1.609e-02  1.632e-02 -1.592e-07 -5.356e-08  1.178e-04 
 PARAMETER  CORRELATION COEFFICIENTS  
       NO.  GLOBAL      1      2      3      4      5
        1  0.35599   1.000 -0.298 -0.012  0.270 -0.008
        2  0.36127  -0.298  1.000  0.013 -0.277  0.008
        3  0.07811  -0.012  0.013  1.000 -0.056 -0.053
        4  0.34344   0.270 -0.277 -0.056  1.000 -0.019
        5  0.05801  -0.008  0.008 -0.053 -0.019  1.000
Real time 0:00:00, CP time 0.000
Real time 0:00:00, CP time 0.040, 2 slices

********* Finished Mass Dist. Fit **************


  RooFitResult: minimized FCN value: -509599, estimated distance to minimum: 6.60591e-06
                covariance matrix quality: Full, accurate covariance matrix
                Status : MINIMIZE=0 HESSE=0 

    Floating Parameter    FinalValue +/-  Error   
  --------------------  --------------------------
                 N_Bkg    2.5662e+04 +/-  1.90e+02
                N_Jpsi    2.3645e+04 +/-  1.85e+02
            m_{J/#Psi}    3.0908e+00 +/-  2.75e-04
             sigma_1_A    3.0339e-02 +/-  2.54e-04
                   sl1    2.2589e-01 +/-  1.09e-02

 *** NLL : -509598.595424748
Info in <TCanvas::Print>: pdf file figs/PRMC/Mass_Fixed_pt6.5-9.0_y0.0-1.6_muPt0.0_centrality0-180_PRw_Effw0_Accw0_PtW0_TnP0.pdf has been created

###### Fit Convergence Check ######
Hesse: 0	 edm: 6.60590576599918e-06	 mll: -509598.595424748
[Fit Converged]

Processing MassFit_FixPar_Data.C(9,12,0,1.6,0,180,1)...

[1mRooFit v3.60 -- Developed by Wouter Verkerke and David Kirkby[0m 
                Copyright (C) 2000-2013 NIKHEF, University of California & Stanford University
                All rights reserved, please read http://roofit.sourceforge.net/license.txt

l_cut: 0.0275
RooDataSet::dataset[mass,pt,y,pt1,pt2,eta1,eta2,weight,cBin,recoQQsign,NumDimu,ctau3D,ctau3DErr,ctau3DRes] = 897667 entries
pt: 9-12, y: 0-1.6, Cent: 0-180%
####################################
******** New Combined Dataset ***********
RooRealVar::mass = 3.17226  L(2.6 - 3.5) // [GeV/c^{2}]
psi 2S MASS : 3.686

********* Starting Mass Dist. Fit **************

 **********
 **    1 **SET PRINT           1
 **********
 **********
 **    2 **SET NOGRAD
 **********
 PARAMETER DEFINITIONS:
    NO.   NAME         VALUE      STEP SIZE      LIMITS
     1 N_Bkg        1.00000e+07  2.00000e+06    0.00000e+00  2.00000e+07
 MINUIT WARNING IN PARAM DEF
 ============== LIMITS ON PARAM1 TOO FAR APART.
 PARAMETER DEFINITIONS:
    NO.   NAME         VALUE      STEP SIZE      LIMITS
     2 N_Jpsi       5.00000e+06  1.00000e+06    0.00000e+00  1.00000e+07
     3 m_{J/#Psi}   3.09600e+00  1.00000e-02    3.04600e+00  3.14600e+00
     4 sigma_1_A    4.42910e-02  2.21455e-02    0.00000e+00  5.00000e-01
     5 sl1          0.00000e+00  2.00000e-01   -1.00000e+00  1.00000e+00
 **********
 **    3 **SET ERR         0.5
 **********
 **********
